10 -18.099062 18.592204 
14 4.641502 5.493329 
18 -8.339742 10.101091 
24 5.571545 2.257568 
30 -1551.110093 4396.800662 
34 4.691989 5.671545 
37 -2.295309 4.797978 
40 2.797731 4.708442 
42 -8.418837 18.160224 
44 -2.887130 15.932986 
45 -3.467726 14.622114 
46 19.070038 4.500022 
47 3.836763 9.393847 
52 2.784983 6.495059 
62 14.418493 2.813453 
77 -5.367941 5.956942 
90 5.648717 30.716640 
96 -14.391215 7.616230 
97 4.411465 24.475326 
101 -5.714437 2.892762 
108 -10.474604 7.971334 
113 10.558126 12.425154 
114 4.101420 18.200811 
116 -18.550417 13.144868 
117 -4.271016 12.341363 
124 19.636950 4.961825 
126 2.416417 5.525445 
127 771.575578 292.728586 
129 -4.287366 6.350812 
133 4.042866 3.200736 
136 4.446303 1.438077 
140 -2.624619 9.628540 
141 -6.933263 9.695078 
154 -12.868241 16.186149 
156 2.823550 3.879791 
165 6.057294 13.869984 
166 2.459372 7.379540 
171 22.213652 29.419841 
172 -4.802768 2.248137 
173 19.483734 191.071887 
175 12.119060 14.201044 
176 -2209.471872 245.128457 
177 -20.122864 35.503553 
187 -5.115371 1.167366 
190 -21.450343 25.767929 
195 2.903770 7.054370 
203 -11.006993 33.465868 
204 8.834867 14.709708 
212 -7.538943 35.687017 
213 -27.559464 19.397008 
218 9.771520 29.922059 
221 13.491356 19.153526 
223 11.495208 23.208055 
226 -4.775264 20.568240 
227 31.112205 5.627083 
228 -2.573625 8.392378 
232 -3.062754 7.386804 
235 6.574406 8.099629 
237 3.020367 0.736775 
240 -25.490456 30.949757 
242 3.448054 9.830511 
245 10.521597 3.834565 
247 25.618745 11.366265 
248 -3.031150 11.508818 
249 -366.645712 43.481101 
250 -102.040667 40.516667 
252 19.652047 16.548667 
254 -2.151554 9.636713 
259 -6.850042 8.011364 
260 -5.352695 14.912944 
261 6.155106 12.076061 
263 6.716038 13.704196 
268 3.343727 5.271921 
271 5.221075 7.175757 
272 38.540923 34.409501 
273 -2.942144 9.147831 
279 5.288784 18.921481 
287 -36.483635 25.146388 
288 2.190133 5.189839 
292 13.713594 14.433576 
295 4.301583 2.983628 
296 -3.502958 18.717435 
299 -3.370220 16.840474 
301 2.016973 5.073787 
305 19.935606 12.237183 
307 -16.955813 1.275876 
309 2.016601 21.752951 
313 -57.125891 287.665050 
324 -2.525146 10.719777 
333 8.342231 13.678055 
335 -5.963849 27.076567 
336 -3.412889 7.605923 
337 15.914585 21.325700 
342 11.270268 11.354610 
344 4.752082 10.330769 
347 -11.091173 10.545647 
352 -33.950752 49.250151 
353 -6.883082 13.760130 
354 10.800255 33.607763 
355 -20.535646 34.283850 
361 2.495625 0.523496 
