30 -146.722300 3959.869244 
32 -2.840015 -2.153923 
34 18.743327 -19.367409 
37 -9.259798 -11.422786 
40 9.947042 -17.606395 
42 -29.379703 -44.211584 
43 -4.740935 -7.429413 
44 -12.428703 -40.788611 
45 -17.408239 -47.925977 
46 110.204814 -9.044898 
47 23.167752 -61.242969 
52 16.220010 -46.983844 
62 51.130250 -1.431067 
64 5.092709 -16.199734 
71 3.023798 -5.292486 
77 -13.222955 -9.125905 
88 2.440286 -3.064695 
90 8.466399 -17.684682 
96 -19.164444 -4.882553 
97 6.324296 -13.057941 
101 -7.142863 -1.633262 
108 -8.944806 -0.180360 
113 6.185412 6.332517 
114 2.697510 8.451090 
116 -12.689483 2.229457 
117 -3.308245 1.715665 
124 8.656031 3.880519 
127 371.657536 198.254270 
129 -6.514357 -3.614199 
133 3.256974 1.108788 
136 2.931667 0.873487 
141 -3.984389 2.980710 
154 -6.121756 6.983858 
165 2.632770 9.596094 
171 6.730356 22.189076 
173 7.788093 121.749848 
175 10.884704 2.812083 
176 -2262.688001 -288.862359 
177 -71.178539 -94.837283 
178 9.523669 -37.913464 
187 -9.662559 -2.200835 
190 -30.104225 -13.820732 
195 5.608675 -9.446870 
198 2.118916 -0.737137 
203 -9.177961 3.825629 
204 9.902818 -0.892191 
212 -8.720194 -6.151856 
213 -43.750034 -16.590061 
218 15.638961 -18.185576 
220 -2.469117 -1.552007 
221 28.816046 -20.020991 
223 32.808893 -43.154844 
226 -16.867470 -45.299061 
227 133.334857 -2.560541 
228 -11.649042 -22.894040 
232 -13.387246 -20.570152 
235 30.800112 -31.475012 
237 12.591925 -2.041507 
240 -80.015026 -73.829902 
242 13.869028 -40.238286 
245 37.634085 -6.339560 
247 72.641681 -12.754880 
248 -9.567211 -19.981168 
249 -1294.342065 -271.635504 
250 -517.042517 -227.938379 
252 119.899184 -74.079930 
254 -15.328453 -42.332923 
259 -40.632681 -39.680970 
260 -34.320704 -72.417452 
261 45.492620 -86.588265 
263 54.902119 -108.788316 
266 12.043000 -36.577578 
268 23.682251 -42.913690 
271 33.280523 -43.665520 
272 263.004108 -172.989394 
273 -26.922995 -59.138454 
278 2.194356 -3.647974 
279 28.823582 -100.354095 
280 4.957505 -54.615939 
282 -4.448480 -23.162733 
285 -4.210530 -7.573758 
286 5.850746 -24.299651 
287 -213.044682 -145.203875 
288 16.026930 -58.460070 
292 100.831444 -86.424812 
295 29.496228 -19.206275 
296 -24.730255 -91.451740 
299 -26.046512 -90.763016 
301 17.459099 -74.985022 
302 15.730295 -21.228457 
304 5.455968 -23.911480 
305 170.930133 -76.339324 
307 -155.561605 -29.419031 
309 16.787212 -314.084199 
310 5.847953 -41.576576 
313 -424.917248 -1873.439193 
321 16.914507 -145.632086 
324 -39.538191 -117.621918 
333 75.409005 -115.639502 
335 -60.786892 -220.884200 
336 -44.585987 -76.662973 
337 223.998863 -269.655569 
338 -26.560839 -156.125657 
342 192.614644 -176.539024 
344 96.314686 -240.188930 
345 4.582651 -17.160116 
347 -195.178480 -185.079080 
352 -464.679665 -665.162949 
353 -141.268539 -252.356973 
354 252.707901 -798.104226 
355 -636.630861 -1060.501726 
358 -62.969917 -194.108629 
361 57.143907 -12.109925 
365 14.643099 -34.106838 
