25 -9.013159 -0.914918 -0.914918 
39 42.458603 5.840847 4.925929 
111 -2.194927 1.294155 6.220084 
212 -6.353439 6.564309 12.784393 
213 -4.638584 0.239847 13.024240 
247 -4.181710 0.788574 13.812814 
289 5.014328 5.146910 18.959724 
305 2.575625 0.851827 19.811551 
315 3.833485 1.043847 20.855398 
347 5.876706 2.143526 22.998924 
373 2.323410 3.034232 26.033156 
395 3.709679 3.869538 29.902694 
405 2.325460 8.042657 37.945352 
463 -2.074933 2.508789 40.454141 
506 3.992412 2.266259 42.720400 
626 4.473915 4.309038 47.029437 
665 -2.140035 1.228457 48.257894 
686 -809.010252 426.920149 475.178044 
687 -1189.157762 52.056581 527.234625 
691 96.244105 8.776654 536.011279 
692 -15.898130 -4.403510 531.607769 
702 5.007633 -3.009333 528.598436 
707 24.500058 0.802460 529.400896 
708 -11.060966 -5.537663 523.863232 
709 6.048848 -3.176117 520.687115 
711 5.264869 -0.732876 519.954239 
714 -2.436729 -1.064395 518.889844 
717 12.122353 -0.701589 518.188255 
723 -2.134607 -1.646927 516.541328 
726 3.927936 -6.315873 510.225455 
728 -4.986009 -2.187323 508.038132 
729 2.148583 -1.464442 506.573690 
730 6.268905 -5.964047 500.609643 
731 18.744905 1.340593 501.950236 
732 -2.875478 -1.034351 500.915885 
736 11.632131 0.361231 501.277116 
737 6.079447 -3.077568 498.199548 
742 2.728611 -1.120446 497.079103 
745 6.752550 0.097542 497.176645 
746 5.047913 -4.421638 492.755007 
750 57.906020 5.594650 498.349657 
751 -5.483914 -1.757348 496.592310 
755 -30.952412 -7.178237 489.414073 
757 101.773566 8.938056 498.352129 
758 43.197976 2.000266 500.352396 
760 31.468627 -1.697921 498.654475 
762 17.043418 -4.788612 493.865863 
763 134.610207 15.979083 509.844946 
766 6.049001 -0.707132 509.137815 
775 -7.515703 -5.331731 503.806084 
777 -9.418150 -4.109505 499.696579 
778 72.022156 -15.438832 484.257747 
781 5.638942 0.016408 484.274155 
783 46.183392 -0.390008 483.884147 
784 12.734009 -0.509305 483.374842 
788 -115.738059 -20.262902 463.111940 
789 -92.051480 -15.643376 447.468564 
791 -8.393849 -4.348789 443.119776 
793 239.737216 20.935187 464.054963 
794 3.120943 -1.378407 462.676556 
796 -40.403013 -7.081411 455.595145 
797 59.360000 3.600621 459.195767 
798 -7.480640 -3.552246 455.643520 
799 -3.610982 -1.626985 454.016536 
802 -40.992363 -7.650233 446.366302 
804 17.073818 -1.680937 444.685365 
806 219.240000 22.523602 467.208967 
808 3.231299 -2.674428 464.534539 
811 -3.835221 -3.522787 461.011752 
812 21.533821 -1.591092 459.420660 
822 3.759506 -0.619639 458.801021 
824 10.391154 -2.337206 456.463815 
825 -2.727971 -1.400611 455.063204 
829 72.185638 7.510830 462.574034 
831 3.129192 -2.765914 459.808120 
832 -11.146361 -4.251917 455.556203 
833 8.984485 0.739022 456.295225 
835 -8.697737 -2.970113 453.325112 
836 3.022000 -0.340356 452.984756 
838 -24.972254 -13.200804 439.783952 
840 -9.340083 -2.672742 437.111211 
843 -17.904885 -6.852654 430.258557 
851 -2.006623 -3.071363 427.187194 
853 3.858558 -3.027084 424.160110 
856 6.865814 -3.438070 420.722040 
860 11.067783 -2.791524 417.930516 
861 -21.143274 -4.142089 413.788428 
862 11.284717 -0.700524 413.087903 
863 17.362612 -1.476696 411.611208 
869 -30.275145 -11.751601 399.859607 
870 -17.532184 -7.409468 392.450139 
873 -92.521687 -35.936596 356.513543 
876 -6.091475 -2.052165 354.461378 
882 7.536999 -7.018907 347.442471 
883 3.276596 -1.492964 345.949507 
884 -8.073236 -2.750732 343.198775 
887 -22.254690 -6.882213 336.316562 
894 3.223811 -0.808387 335.508175 
895 -26.549091 -6.611160 328.897015 
897 5.632036 -1.996049 326.900966 
905 -35.998320 -7.864771 319.036195 
908 -21.820105 -4.895378 314.140817 
909 -6.169484 -3.056146 311.084671 
914 -8.535884 -2.771361 308.313310 
918 -10.487840 -5.409537 302.903774 
924 -23.602292 -7.915340 294.988434 
925 -4.594239 -3.587035 291.401399 
927 2.115556 -0.950224 290.451175 
928 -1034.894184 -136.536972 153.914203 
930 6.225661 -6.888084 147.026118 
933 11.360644 -1.186955 145.839163 
935 5.508738 -3.896749 141.942414 
937 20.872205 -3.133577 138.808837 
939 -7.858583 -6.779056 132.029781 
941 9.073684 -3.797779 128.232002 
946 -35.178192 -10.638960 117.593042 
949 6.381535 -4.335283 113.257759 
952 -7.538456 -5.415230 107.842530 
954 -24.930813 -12.922027 94.920502 
955 -13.371907 -10.922284 83.998218 
957 -16.717082 -6.325208 77.673010 
958 4.293333 -0.770144 76.902866 
960 -9.883449 -5.174543 71.728323 
964 2.538561 -1.571571 70.156753 
968 -3.179785 -1.426907 68.729845 
970 -8.986470 -7.859573 60.870272 
973 22.867466 -8.336198 52.534074 
974 9.490718 -8.948966 43.585108 
976 2.083883 -3.473532 40.111576 
977 22.443529 -1.945280 38.166296 
983 -20.610365 -8.830269 29.336027 
986 28.559160 -6.026364 23.309663 
987 -17.544112 -7.591864 15.717799 
988 104.447678 8.459036 24.176835 
989 -10.424493 -7.500396 16.676439 
993 -9.720352 -6.207712 10.468727 
994 7.744660 -0.582917 9.885810 
999 26.764770 -1.558346 8.327464 
1003 -83.920087 -17.348324 -9.020860 
1005 -12.640000 -6.006729 -15.027588 
1006 -40.569369 -12.217755 -27.245343 
1007 64.659647 3.746794 -23.498549 
1008 -3.218889 -3.585867 -27.084416 
1010 5.060180 -6.670332 -33.754748 
1013 8.618225 -7.251078 -41.005826 
1014 -4.281652 -3.033506 -44.039333 
1015 68.240453 2.946676 -41.092657 
1017 -41.850557 -7.254392 -48.347048 
1018 -71.155731 -17.720014 -66.067062 
1024 7.906033 -6.145337 -72.212400 
1025 -4.833978 -4.394738 -76.607137 
1028 -2.741546 -1.532186 -78.139324 
1030 -23.846393 -12.854190 -90.993513 
1031 -11766.966724 -1476.938960 -1567.932474 
1032 -303.706667 -73.191633 -1641.124107 
1035 -19.845802 -11.389234 -1652.513340 
1037 -30.869106 -6.723904 -1659.237245 
1038 44.434622 2.138788 -1657.098456 
1039 3666.828696 444.449732 -1212.648724 
1040 -9.522544 -7.046303 -1219.695027 
1042 19.818603 -2.810295 -1222.505322 
1044 -29.508550 -15.233399 -1237.738722 
1045 50.100834 -2.300631 -1240.039353 
1046 -2.295329 -5.014202 -1245.053555 
1049 26.300882 0.590985 -1244.462570 
1050 11.191673 -3.046576 -1247.509146 
1051 5.415488 -0.512721 -1248.021867 
1053 -31.223978 -17.607039 -1265.628906 
1057 13.787007 -3.022300 -1268.651205 
1058 25.426275 -9.935983 -1278.587188 
1059 -363.554547 -58.728902 -1337.316090 
1062 -96.504971 -34.816707 -1372.132796 
1064 -235.117153 -61.660595 -1433.793391 
1065 74.882402 -1.324378 -1435.117769 
1066 24.113355 -6.844514 -1441.962283 
1068 -8.005022 -3.928363 -1445.890646 
1070 22.861644 -7.430838 -1453.321484 
1074 -110.546102 -20.313102 -1473.634586 
1077 84.202865 -0.006886 -1473.641472 
1078 5.802398 -6.149188 -1479.790660 
1080 -1254.734069 -169.599361 -1649.390021 
1082 16.663153 -14.841785 -1664.231806 
1083 5.479255 -10.341503 -1674.573309 
1084 -20.847393 -15.944322 -1690.517631 
1086 12.767184 -8.660636 -1699.178266 
1087 -2.119556 -2.283903 -1701.462169 
1089 102.879775 0.744171 -1700.717998 
1090 -45.814511 -14.590382 -1715.308380 
1091 5.826655 -0.594461 -1715.902841 
1092 6.516054 -7.242836 -1723.145676 
1094 10.808949 -13.930162 -1737.075838 
1095 33.211342 -2.824271 -1739.900109 
1096 -19.333420 -9.983653 -1749.883762 
1100 -11846.153846 -1494.755206 -3244.638968 
1103 22.906424 -3.887046 -3248.526014 
1104 545.736962 53.368236 -3195.157779 
1105 -8.207310 -6.037225 -3201.195004 
1108 -33.168980 -12.195256 -3213.390260 
1109 16.292185 -4.053013 -3217.443273 
1111 7.560688 -2.856457 -3220.299729 
1112 17.814904 -13.935930 -3234.235659 
1114 375.373304 34.147178 -3200.088481 
1116 -9.935170 -2.263601 -3202.352082 
1123 24.432201 -9.791914 -3212.143996 
1126 28.001143 1.338059 -3210.805936 
1128 -3.224065 -1.787276 -3212.593212 
1129 4.741254 -2.414118 -3215.007330 
1130 -84.919935 -14.629634 -3229.636965 
1132 101.697524 8.354241 -3221.282724 
1134 8.034783 -4.710541 -3225.993265 
1136 45.555203 -8.172645 -3234.165909 
1141 16.979807 1.519345 -3232.646564 
1145 -20.931429 -4.029695 -3236.676259 
1146 -6.989641 -3.830040 -3240.506299 
1150 43.654553 -5.802227 -3246.308526 
1154 -3.039305 -4.568366 -3250.876893 
1156 37.870036 -24.097080 -3274.973973 
1158 18.406435 -13.834944 -3288.808916 
1161 -5.939453 -4.487215 -3293.296131 
1165 748.465700 88.275446 -3205.020685 
1166 14.351289 -8.743706 -3213.764391 
1168 2.016101 -1.427177 -3215.191568 
1174 -4.312650 -3.582839 -3218.774407 
1176 4.016327 -4.938324 -3223.712731 
1177 -2.712701 -1.987540 -3225.700271 
1178 3.036258 -5.397762 -3231.098033 
1179 14.858323 -0.655646 -3231.753679 
1184 5.024062 -2.415137 -3234.168816 
1186 11.375037 -10.572351 -3244.741167 
1188 68.670401 3.396411 -3241.344756 
1191 6.849708 0.520200 -3240.824556 
1192 3.395825 -6.725651 -3247.550207 
1193 50.348280 -4.173689 -3251.723896 
1197 -75.556627 -19.527967 -3271.251863 
1199 2411.860578 290.700053 -2980.551810 
1202 8.037472 -9.170467 -2989.722277 
1203 20.529915 -5.191975 -2994.914251 
1204 13.667626 -4.865835 -2999.780086 
1206 5.504916 -1.521342 -3001.301428 
1207 -37.994022 -13.054166 -3014.355594 
1209 13.811888 -3.394139 -3017.749733 
1211 9.600364 -12.085485 -3029.835218 
1212 17.380306 -9.128840 -3038.964059 
1214 -8.539250 -5.031055 -3043.995113 
1215 33.444290 -6.658707 -3050.653821 
1216 -33.152349 -10.306028 -3060.959849 
1217 -13.487016 -9.489144 -3070.448993 
1220 9.688533 -5.685293 -3076.134286 
1221 -185.202170 -40.728790 -3116.863076 
1222 15.241389 -5.712933 -3122.576009 
1223 33.157470 -7.376563 -3129.952572 
1225 622.334210 51.230672 -3078.721900 
1226 11.343737 -10.758816 -3089.480716 
1228 -16.016278 -11.790575 -3101.271291 
1229 2.250855 -3.099937 -3104.371228 
1231 8.880014 0.269205 -3104.102023 
1233 7.011868 -1.698698 -3105.800721 
1235 -18.829778 -8.223838 -3114.024560 
1236 26.990956 -0.092967 -3114.117526 
1237 10.995785 -3.415182 -3117.532708 
1240 -2.263302 -0.992653 -3118.525361 
1242 26.402992 -0.944672 -3119.470033 
1246 -24.875880 -15.550895 -3135.020927 
1252 -3.190062 -2.312998 -3137.333925 
1254 51.114428 -11.920699 -3149.254625 
1256 -6.717996 -4.246746 -3153.501371 
1266 40.283008 -14.191781 -3167.693151 
1276 -2.980482 -2.600598 -3170.293750 
1280 7.008692 -2.613497 -3172.907247 
1281 -7.164980 -6.082520 -3178.989767 
1284 -84.344834 -14.658162 -3193.647929 
1285 -5.800583 -3.060874 -3196.708803 
1289 -15.436122 -4.229367 -3200.938171 
1290 -12.174972 -1.985423 -3202.923594 
1291 -4.019680 -3.363319 -3206.286913 
1299 3.126039 -2.778681 -3209.065594 
1307 -10.473628 -4.072519 -3213.138113 
1308 3.466573 -2.704894 -3215.843007 
1309 7.945963 -4.698297 -3220.541304 
1314 -38.018091 -7.086509 -3227.627813 
1322 3.270433 -5.404268 -3233.032081 
1325 209.282985 18.523312 -3214.508769 
1326 3.477643 -4.179668 -3218.688437 
1327 3.472000 -4.285085 -3222.973522 
1329 3.134265 -2.061279 -3225.034801 
1331 -13.853713 -10.924869 -3235.959670 
1333 -5.217617 -5.210116 -3241.169787 
1335 3.900139 -1.475682 -3242.645468 
1339 2.065373 -4.212880 -3246.858348 
1340 -14.246964 -2.393669 -3249.252017 
1346 -4.862914 -2.444195 -3251.696212 
1348 -12.582144 -19.967507 -3271.663719 
1352 -3.067775 -2.663183 -3274.326902 
1358 -3.530254 -7.099646 -3281.426548 
1359 2.403084 -5.675345 -3287.101893 
1360 3.290379 -6.293002 -3293.394895 
1361 -25.298948 -17.327411 -3310.722305 
1363 -9.905494 -9.401143 -3320.123448 
1367 6.666845 -17.023683 -3337.147132 
1375 3.531849 -7.302723 -3344.449854 
1379 3.447371 -6.476908 -3350.926762 
1380 10.191872 -8.779090 -3359.705852 
1381 -10.866022 -5.706863 -3365.412715 
1386 -8.084016 -8.819614 -3374.232330 
1388 -72.771182 -13.295020 -3387.527350 
1390 2.469582 -8.065380 -3395.592730 
1391 49.106733 -4.392108 -3399.984838 
1399 145.829364 1.384924 -3398.599914 
1400 2.094747 -7.967919 -3406.567833 
1401 -3.675598 -1.925402 -3408.493235 
1402 2.890122 -5.502852 -3413.996087 
1405 11.805157 -1.908388 -3415.904474 
1406 4.639072 -6.878799 -3422.783273 
1411 42.651021 -2.108113 -3424.891386 
1428 3.624633 -2.690094 -3427.581480 
1430 9.806302 -3.717229 -3431.298708 
1433 -55.783406 -16.242538 -3447.541246 
1438 2.712564 -2.451199 -3449.992445 
1439 -4.214060 -2.768353 -3452.760798 
1441 53.248288 1.493138 -3451.267660 
1442 6.693930 -4.575403 -3455.843063 
1444 28.867629 0.910729 -3454.932334 
1448 -3.243612 -1.416572 -3456.348906 
1450 21.627414 0.997721 -3455.351185 
1452 15.034624 -5.410837 -3460.762021 
1453 88.194708 9.012563 -3451.749458 
1456 11.626239 -4.104282 -3455.853740 
1457 6.497163 -4.184073 -3460.037813 
1459 2.685186 -1.982723 -3462.020535 
1462 639.876121 78.473934 -3383.546602 
1466 4.495453 -0.861969 -3384.408571 
1469 -15.598725 -6.583431 -3390.992002 
1472 -16.685273 -5.759593 -3396.751595 
1476 84.701398 4.995557 -3391.756038 
1477 -6.158296 -2.042259 -3393.798297 
1480 7.089312 -1.939372 -3395.737669 
1481 11.474087 -3.109579 -3398.847248 
1483 39.000174 2.400474 -3396.446774 
1485 66.979079 2.726036 -3393.720738 
1486 -23.332882 -8.205432 -3401.926170 
1488 -10.796540 -4.752811 -3406.678981 
1490 12.641539 -2.835677 -3409.514658 
1494 7.527748 -1.770936 -3411.285593 
1496 -3.230728 -1.434815 -3412.720408 
1498 4.054907 -3.820351 -3416.540760 
1500 12.185408 -7.402184 -3423.942943 
1502 2.380449 -2.832214 -3426.775157 
1503 18.566344 -2.135560 -3428.910717 
1505 7.785828 -4.253462 -3433.164179 
1509 3.329299 -4.043355 -3437.207534 
1514 2.016183 -2.472526 -3439.680060 
1515 157.717397 7.114080 -3432.565980 
1517 -10.226369 -4.134198 -3436.700178 
1521 -69.663358 -10.889557 -3447.589735 
1527 2.898076 -0.272189 -3447.861924 
1530 5.066147 -6.178965 -3454.040889 
1535 284.146062 29.976662 -3424.064227 
1536 -13.395544 -3.903634 -3427.967861 
1537 12.207715 -8.084799 -3436.052660 
1539 -22.207478 -15.654759 -3451.707420 
1542 -7.433060 -2.368152 -3454.075571 
1545 5.431688 -0.028930 -3454.104501 
1547 9.702819 -1.224084 -3455.328585 
1550 13.216758 -0.507861 -3455.836446 
1551 -15.699063 -2.682614 -3458.519060 
1554 10.478555 -0.546765 -3459.065825 
1561 93.150263 10.108668 -3448.957158 
1562 54.348625 4.512913 -3444.444245 
1564 -9.365004 -3.335130 -3447.779375 
1566 26.179607 -0.313552 -3448.092927 
1572 4.483664 -1.259028 -3449.351955 
1577 -9.261771 -2.369512 -3451.721467 
1580 3.844452 -3.514092 -3455.235559 
1581 6.789498 -1.590674 -3456.826232 
1582 12.231743 -4.945074 -3461.771306 
1584 229.655117 27.209759 -3434.561547 
1585 5.908162 -3.083003 -3437.644550 
1587 -5.421465 -1.457785 -3439.102335 
1592 -15.293761 -3.744903 -3442.847239 
1593 86.803472 7.549061 -3435.298177 
1596 -221.976217 -29.771644 -3465.069821 
1598 -65.793045 -11.186317 -3476.256138 
1601 -116.559736 -27.628218 -3503.884357 
1612 -20.476594 -4.549993 -3508.434350 
1613 29.637324 -0.997805 -3509.432155 
1615 -14.315506 -5.876444 -3515.308599 
1616 4.876811 -1.462085 -3516.770684 
1620 4.834899 -0.526773 -3517.297457 
1622 -125.270242 -17.201379 -3534.498836 
1628 -7.573272 -2.713549 -3537.212385 
1637 7.389434 -2.607579 -3539.819964 
1639 4.558378 -3.789488 -3543.609452 
1640 12.566887 -6.804979 -3550.414431 
1642 2.873301 -2.872854 -3553.287285 
1646 12.046560 -2.263483 -3555.550768 
1648 3.443657 -7.439085 -3562.989853 
1649 10.331625 -2.669171 -3565.659024 
1650 -190.174591 -25.301741 -3590.960765 
1652 7.358326 -0.887578 -3591.848342 
1653 -3.292394 -1.492824 -3593.341166 
1657 7.003631 -3.506991 -3596.848158 
1658 8.687595 -1.643526 -3598.491683 
1663 7.139697 -6.032853 -3604.524537 
1665 42.121652 -1.165821 -3605.690357 
1668 13.999708 0.617198 -3605.073159 
1669 -6.494669 -7.022051 -3612.095210 
1670 -9.046667 -3.256722 -3615.351932 
1672 -10.324598 -6.550149 -3621.902080 
1674 -15.864093 -2.598599 -3624.500679 
1676 15.461085 -1.861829 -3626.362508 
1677 3.566565 -2.003713 -3628.366221 
1678 3.397095 -6.783947 -3635.150168 
1679 6.145758 -1.965267 -3637.115435 
1680 -18.258151 -5.301498 -3642.416933 
1682 10.801976 -2.047965 -3644.464898 
1684 8.708647 -3.954881 -3648.419779 
1692 23.321725 -3.268670 -3651.688449 
1693 -2.075387 -2.012249 -3653.700697 
1694 4.703955 -4.270993 -3657.971690 
1696 250.274435 24.975070 -3632.996620 
1703 6.395167 -6.413243 -3639.409864 
1705 3.164674 -7.722637 -3647.132500 
1706 8.722827 -5.518222 -3652.650722 
1707 5.451304 -5.799183 -3658.449905 
1710 8.775809 -5.616402 -3664.066307 
1715 3.794326 -8.069215 -3672.135522 
1717 4.884641 -7.423608 -3679.559130 
1719 4.209991 -3.968508 -3683.527637 
1722 2.221864 -3.071212 -3686.598850 
1723 9.026697 -2.606052 -3689.204902 
1733 -4.760000 -0.977436 -3690.182338 
1739 -4.707231 -2.630241 -3692.812579 
1741 7.788900 -0.008331 -3692.820910 
1744 8.616886 -0.197415 -3693.018325 
1748 6.413537 -2.590040 -3695.608365 
1752 -7.304580 -1.962604 -3697.570970 
1753 8.761194 -0.572607 -3698.143576 
1757 28.334514 2.103326 -3696.040250 
1761 -5.897935 -1.626629 -3697.666879 
1765 -2.224309 -1.052997 -3698.719877 
1766 2.136212 -1.226247 -3699.946124 
1767 13.051741 -0.281573 -3700.227697 
1770 -12.401324 -3.666571 -3703.894267 
1774 5.480454 -0.246762 -3704.141030 
1782 8.887775 -5.841276 -3709.982305 
1783 5.783219 -2.443257 -3712.425562 
1784 -5.386652 -2.311901 -3714.737464 
1787 2.589003 -3.165191 -3717.902655 
1788 3.199646 -3.813719 -3721.716374 
1789 4.274050 -1.735809 -3723.452183 
1791 3.113788 -1.691897 -3725.144080 
1794 2.843077 -0.759490 -3725.903570 
1795 23.508048 0.120644 -3725.782926 
1797 -4.776471 -1.812457 -3727.595383 
1798 -65.743073 -10.341280 -3737.936664 
1803 17.615777 -0.830028 -3738.766692 
1811 5.226667 -0.102202 -3738.868893 
1814 -8.695865 -3.023993 -3741.892886 
1815 -4.569243 -2.007741 -3743.900627 
1818 22.355010 -0.265478 -3744.166105 
1819 -17.546876 -7.097213 -3751.263318 
1821 -13.821071 -3.013882 -3754.277200 
1822 -4.528593 -3.183057 -3757.460256 
1825 84.821949 5.753306 -3751.706950 
1829 6.489016 -3.555211 -3755.262161 
1830 9.006667 -0.497975 -3755.760136 
1835 -8.757632 -2.330732 -3758.090869 
1842 -5.759506 -2.429556 -3760.520424 
1843 2.996376 -4.906937 -3765.427361 
1845 2.129060 -2.104303 -3767.531664 
1846 9.170768 -2.190338 -3769.722003 
1847 2.195017 -1.489862 -3771.211865 
1853 3.255777 -0.849275 -3772.061140 
1855 -3.140430 -2.499942 -3774.561083 
1859 -4.506667 -2.015024 -3776.576106 
1864 2.188883 -3.036362 -3779.612468 
1866 3.146161 -0.201066 -3779.813534 
1869 5.555012 -3.502561 -3783.316095 
1873 -39.923043 -6.300094 -3789.616189 
1878 7.724097 -0.741499 -3790.357688 
1885 2.011939 -2.562984 -3792.920672 
1887 8.976551 -2.171339 -3795.092011 
1889 -5.172980 -0.902442 -3795.994453 
1890 -10.498478 -1.853429 -3797.847882 
1891 -230.809960 -29.486882 -3827.334763 
1897 4.374381 -3.051214 -3830.385978 
1901 8.839758 -0.558713 -3830.944691 
1911 -6.336898 -1.945257 -3832.889948 
1914 -24.239421 -4.116510 -3837.006458 
1923 15.904000 0.645500 -3836.360958 
1925 2.146114 -2.037228 -3838.398185 
1928 -75.003036 -11.326764 -3849.724949 
1934 -4.814076 -1.533805 -3851.258754 
1935 2.423188 -3.382445 -3854.641200 
1938 7.611429 0.377135 -3854.264064 
1941 39.596360 2.723845 -3851.540219 
1942 -2.354533 -0.984323 -3852.524542 
1943 10.357718 -0.944111 -3853.468653 
1944 -8.999985 -2.446778 -3855.915431 
1946 2.762918 -0.967214 -3856.882645 
1957 4.234140 -1.470089 -3858.352734 
1962 2.269373 -2.408398 -3860.761132 
1963 17.363295 -2.619650 -3863.380782 
1966 4.365882 -2.096607 -3865.477389 
1975 -2.733996 -1.874265 -3867.351654 
1976 -2.983861 -2.155651 -3869.507305 
1984 -3.974224 -0.972680 -3870.479985 
1992 -7.025773 -2.095884 -3872.575869 
1994 2.655790 -2.670579 -3875.246447 
2003 3.358856 -0.665831 -3875.912278 
2009 18.012371 -1.535346 -3877.447625 
2015 3.617179 -2.655747 -3880.103371 
2018 2.035539 -2.928598 -3883.031969 
2020 4.616288 -2.270819 -3885.302789 
2021 7.377719 -0.374488 -3885.677276 
2023 2.117337 -1.431093 -3887.108369 
2025 -2.912000 -0.823576 -3887.931945 
2033 2.180533 -1.889010 -3889.820955 
2042 -6.393060 -1.936602 -3891.757558 
2044 3.144321 -2.125607 -3893.883165 
2045 11.155605 0.360076 -3893.523089 
2050 15.580767 0.082515 -3893.440574 
2059 3.421253 -1.115213 -3894.555787 
2060 -6.416934 -0.978501 -3895.534289 
2062 11.045907 0.523719 -3895.010569 
2064 2.949692 -0.846340 -3895.856909 
2066 2.398344 -2.228996 -3898.085905 
2071 2.255924 -2.091564 -3900.177469 
2075 -27.674901 -5.217057 -3905.394525 
2077 131.880000 13.866720 -3891.527806 
2084 2.374558 -2.325854 -3893.853660 
2088 3.828576 -2.174883 -3896.028543 
2091 2.225728 -3.622425 -3899.650968 
2100 22.414241 -0.146303 -3899.797271 
2107 11.312951 -4.232578 -3904.029849 
2112 2.969064 -3.420874 -3907.450722 
2114 9.577286 -1.192892 -3908.643614 
2116 15.506955 0.717041 -3907.926573 
2119 -16.100088 -3.840543 -3911.767116 
2120 -4.124102 -2.409522 -3914.176638 
2122 3.407024 -1.494193 -3915.670831 
2123 2.371440 -3.071666 -3918.742496 
2126 2.081862 -3.381798 -3922.124295 
2129 -24.666198 -6.894318 -3929.018613 
2131 -37.635411 -6.751403 -3935.770016 
2133 -5.840915 -4.452656 -3940.222672 
2135 2.637465 -3.464427 -3943.687099 
2136 2.852429 -0.256373 -3943.943471 
2137 6.937629 -2.022661 -3945.966132 
2139 -2.557490 -1.608561 -3947.574693 
2142 2.024749 -1.655414 -3949.230108 
2148 -11.323906 -3.306346 -3952.536454 
2157 -9.450148 -1.816640 -3954.353094 
2158 2.912689 -1.368427 -3955.721521 
2162 3.686622 -2.442940 -3958.164461 
2165 -2.735647 -0.876964 -3959.041425 
2167 53.164669 -1.437224 -3960.478649 
2168 -5.094480 -1.430365 -3961.909014 
2169 -6.911890 -4.035932 -3965.944946 
2171 2.551738 -1.059526 -3967.004472 
2172 2.907978 -1.483065 -3968.487537 
2175 2.657660 -2.743407 -3971.230944 
2179 3.343834 -2.539940 -3973.770884 
2181 61.206407 4.608578 -3969.162306 
2183 3.297638 -3.484759 -3972.647065 
2184 -2.880000 -0.661164 -3973.308229 
2186 14.991890 0.438915 -3972.869314 
2188 -6.542365 -1.864505 -3974.733819 
2189 2.777963 -1.004792 -3975.738611 
2193 -23.101046 -7.592381 -3983.330992 
2196 34.735586 2.033735 -3981.297256 
2200 3.996050 -0.999431 -3982.296687 
2208 3.875144 -2.524431 -3984.821118 
2210 107.564310 10.693178 -3974.127940 
2211 -24.172418 -4.226709 -3978.354649 
2213 -23.299228 -5.106027 -3983.460676 
2217 -13.082289 -2.021201 -3985.481877 
2223 3.333333 -0.256742 -3985.738619 
2229 5.858010 -0.757245 -3986.495864 
2236 3.231183 -1.919955 -3988.415819 
2238 3.012832 -0.557713 -3988.973532 
2240 10.232564 0.198117 -3988.775415 
2243 5.639318 -0.013706 -3988.789121 
2247 3.310824 -0.812944 -3989.602065 
2255 3.124839 -1.750295 -3991.352360 
2257 2.593574 -0.585141 -3991.937501 
2264 39.425514 4.231788 -3987.705713 
2265 2.211184 -1.169069 -3988.874781 
2270 -6.384503 -1.668727 -3990.543508 
2271 2.778212 -0.581103 -3991.124612 
2273 7.103108 -0.070702 -3991.195314 
2275 2.212021 -0.621582 -3991.816895 
2277 -4.477346 -1.670594 -3993.487490 
2281 9.828073 -1.327525 -3994.815015 
2283 3.504641 -0.622818 -3995.437833 
2286 2.625002 -0.301872 -3995.739704 
2289 5.695719 -2.356664 -3998.096369 
2292 65.686209 4.120014 -3993.976355 
2293 9.117330 -4.321219 -3998.297574 
2295 19.877901 0.874786 -3997.422788 
2296 5.072821 -4.626577 -4002.049366 
2301 4.860966 -3.258838 -4005.308204 
2302 -9.475523 -1.790935 -4007.099139 
2303 4.769529 -3.999733 -4011.098873 
2304 15.660844 0.061722 -4011.037150 
2305 2.646435 -1.552066 -4012.589216 
2307 3.331910 -0.196546 -4012.785763 
2309 12.009264 1.350131 -4011.435632 
2314 -5.644707 -2.302839 -4013.738470 
2315 3.073705 -1.555632 -4015.294103 
2318 10.557001 -0.164104 -4015.458207 
2325 7.954124 -0.953600 -4016.411807 
2326 -9.835836 -3.526253 -4019.938059 
2337 9.816416 -2.696040 -4022.634100 
2339 5.038157 -1.044022 -4023.678122 
2340 5.899526 -1.489327 -4025.167448 
2341 28.291468 -2.325723 -4027.493171 
2345 10.051354 -0.398012 -4027.891184 
2352 28.611121 3.091868 -4024.799316 
2353 -5.266804 -1.841900 -4026.641217 
2357 3.235013 -0.109063 -4026.750280 
2359 2.365661 -0.562318 -4027.312597 
2361 9.744427 -0.764276 -4028.076873 
2363 -3.144088 -1.307031 -4029.383904 
2377 -4.494437 -1.267393 -4030.651297 
2381 -2.535260 -0.919226 -4031.570523 
2386 -7.644148 -1.754623 -4033.325146 
2387 7.866118 -1.148083 -4034.473229 
2393 2.659000 -0.251384 -4034.724613 
2395 20.958047 2.005124 -4032.719488 
2398 62.837914 7.466844 -4025.252644 
2401 4.111736 -0.416967 -4025.669612 
2402 2.907937 -0.687989 -4026.357601 
2405 2.535358 -1.016555 -4027.374155 
2406 -3.768463 -1.569859 -4028.944015 
2410 -2.895793 -0.781173 -4029.725188 
2412 6.977575 -1.247569 -4030.972757 
2418 -8.258446 -1.990673 -4032.963430 
2422 4.811463 0.456627 -4032.506803 
2428 -34.508938 -4.921659 -4037.428462 
2433 12.385604 1.327210 -4036.101252 
2434 8.806523 0.932944 -4035.168308 
2436 9.324002 0.673745 -4034.494563 
2441 -4.315734 -0.751009 -4035.245572 
2445 -2.411695 -0.704923 -4035.950495 
2447 -62.906255 -8.585593 -4044.536088 
2453 -6.109504 -1.057476 -4045.593563 
2459 8.512606 0.898740 -4044.694824 
2465 6.169531 0.634270 -4044.060554 
2478 44.903161 5.765292 -4038.295261 
2485 -8.586667 -0.908147 -4039.203409 
2489 2.782056 0.433864 -4038.769545 
2491 -26.619387 -3.300829 -4042.070374 
2493 -9.647537 -1.257523 -4043.327897 
2502 10.640000 1.241220 -4042.086678 
2511 -11.230350 -1.428450 -4043.515128 
2520 27.686548 4.018088 -4039.497040 
2522 21.456580 2.819778 -4036.677262 
2525 6.774243 0.853472 -4035.823790 
2536 -3.674167 -0.118911 -4035.942701 
2538 -2.733818 -0.155136 -4036.097838 
2540 6.101621 0.779709 -4035.318129 
2544 6.348387 1.291150 -4034.026979 
2546 11.457574 1.816453 -4032.210525 
2547 64.776697 8.557176 -4023.653350 
2550 -2.104682 -0.288288 -4023.941638 
2556 21.929257 3.067486 -4020.874152 
2560 -9.523801 -0.150157 -4021.024308 
2561 2.495246 0.481532 -4020.542776 
2562 3.391860 0.559623 -4019.983153 
2563 10.753665 1.568765 -4018.414388 
2565 8.697589 1.529565 -4016.884823 
2566 -12.206433 -1.427322 -4018.312145 
2569 5.499823 0.658198 -4017.653947 
2572 7.000044 1.173617 -4016.480329 
2573 5.636221 0.653868 -4015.826461 
2574 -2.667900 -0.343968 -4016.170429 
2577 -5.008474 -0.713803 -4016.884232 
2590 -2.053333 -0.319769 -4017.204001 
2593 -2.189091 -0.296714 -4017.500715 
2597 2.964127 0.777291 -4016.723424 
2598 28.816071 3.552925 -4013.170499 
2600 2.132017 0.554076 -4012.616423 
2606 -4.101052 -0.567417 -4013.183840 
2610 -2.207854 -0.266878 -4013.450718 
2613 -5.894661 -0.495029 -4013.945747 
2615 2.384606 0.370021 -4013.575726 
2619 2.022222 0.317315 -4013.258411 
2620 8.450253 1.501142 -4011.757270 
2622 -4.772033 -0.683869 -4012.441139 
2625 2.110769 0.280953 -4012.160186 
2630 -3.137301 -0.281733 -4012.441920 
2635 -2.719028 -0.180270 -4012.622189 
2643 -3.262356 0.097081 -4012.525109 
2645 -2.610105 -0.228685 -4012.753793 
2656 5.641369 1.615536 -4011.138258 
2657 5.118899 1.223630 -4009.914627 
2658 2.423067 0.425519 -4009.489108 
2660 -5.901848 -0.520540 -4010.009648 
2676 3.183187 2.815053 -4007.194595 
2678 -4.588764 -0.279809 -4007.474405 
2680 -6.440000 0.202827 -4007.271578 
2686 2.179920 1.255485 -4006.016093 
2688 7.064441 1.068858 -4004.947235 
2693 3.409095 0.988044 -4003.959191 
2695 -2.160638 0.199779 -4003.759412 
2698 5.812686 1.968917 -4001.790495 
2700 3.086309 1.251108 -4000.539386 
2703 -10.513972 -0.430004 -4000.969390 
2705 -2.499521 0.645600 -4000.323790 
2710 4.760000 1.355259 -3998.968531 
2713 4.014246 1.517231 -3997.451300 
2715 17.158721 3.587168 -3993.864131 
2718 2.591045 1.454476 -3992.409655 
2719 3.536190 0.490451 -3991.919205 
2720 83.917947 10.551462 -3981.367743 
2721 14.763958 2.109444 -3979.258299 
2731 4.195525 0.822755 -3978.435544 
2732 120.601116 15.611466 -3962.824077 
2733 -9.425410 -0.898406 -3963.722483 
2736 5.577779 1.250585 -3962.471898 
2738 -16.618829 -1.426903 -3963.898801 
2740 -15.541769 -1.621354 -3965.520155 
2745 4.280124 1.233540 -3964.286615 
2750 5.641934 0.904097 -3963.382518 
2752 5.899119 1.441185 -3961.941332 
2754 3.638228 1.404746 -3960.536586 
2755 5.870849 1.047912 -3959.488674 
2757 -13.030664 -0.738787 -3960.227462 
2758 -2.350164 -0.027645 -3960.255107 
2762 4.666673 1.418932 -3958.836175 
2765 2.871804 1.016790 -3957.819385 
2766 12.680396 2.137661 -3955.681724 
2769 2.704317 1.138871 -3954.542853 
2774 5.420478 1.136276 -3953.406576 
2779 4.779655 1.074904 -3952.331672 
2781 31.211784 5.521236 -3946.810436 
2784 -54.020693 -5.515489 -3952.325925 
2786 3.662652 1.189731 -3951.136193 
2790 -2.279066 0.092980 -3951.043213 
2791 -2.509316 0.008863 -3951.034351 
2792 18.367554 2.842307 -3948.192043 
2793 -6.309130 -0.657366 -3948.849410 
2796 -3.879052 -0.271254 -3949.120664 
2797 5.124000 0.763003 -3948.357661 
2798 7.837722 1.149222 -3947.208439 
2809 10.714667 2.058644 -3945.149795 
2810 -5.668694 -0.673435 -3945.823231 
2812 -4.407089 -0.633756 -3946.456987 
2817 3.983431 0.683555 -3945.773432 
2818 4.199886 0.553695 -3945.219737 
2820 -4.640000 -0.068990 -3945.288727 
2824 2.278057 0.420023 -3944.868704 
2827 -4.781514 -0.683041 -3945.551745 
2830 -1090.963585 -135.952553 -4081.504298 
2845 -4.719023 -0.244040 -4081.748338 
2856 -12.436331 -0.688810 -4082.437148 
2860 -2.895160 0.025246 -4082.411902 
2864 14.683160 3.965145 -4078.446757 
2867 4.171407 1.502728 -4076.944029 
2873 -20.943413 -1.268153 -4078.212181 
2874 -396.283593 -49.037683 -4127.249864 
2875 -4.529865 -0.613910 -4127.863775 
2883 4.089193 1.399951 -4126.463823 
2891 -7.777716 -0.387569 -4126.851392 
2899 -2.079188 -0.074366 -4126.925758 
2900 -2.029159 -0.276742 -4127.202499 
2901 7.573957 1.490786 -4125.711714 
2907 3.795556 1.060498 -4124.651216 
2912 -3.195499 -0.271975 -4124.923191 
2936 5.046600 1.475928 -4123.447263 
2939 3.438852 3.768777 -4119.678486 
2943 2.441903 0.405433 -4119.273054 
2949 7.496270 3.254888 -4116.018165 
2952 54.320000 8.178846 -4107.839319 
2953 -6.859106 0.105664 -4107.733656 
2955 -13.098887 0.993324 -4106.740331 
2976 4.101052 0.841086 -4105.899246 
2989 2.611587 3.543346 -4102.355899 
2990 4.148899 6.123115 -4096.232784 
2992 -2419.580420 -300.551446 -4396.784230 
2999 6.145832 1.071634 -4395.712596 
3003 2.522557 0.419130 -4395.293467 
3015 5.452376 3.708818 -4391.584648 
3016 -3.949764 0.500940 -4391.083709 
3018 -56.715767 -5.346818 -4396.430527 
3021 79.945750 56.879964 -4339.550562 
3022 -112.651302 -17.500274 -4357.050837 
3026 -48.001943 -7.812199 -4364.863036 
3027 8.496380 -2.532094 -4367.395130 
3033 6.192011 -1.810407 -4369.205537 
3037 8.569889 -0.137075 -4369.342611 
3043 -2.572478 -0.966069 -4370.308681 
3048 2.343617 -0.713512 -4371.022193 
3051 9.315122 -2.214876 -4373.237068 
3053 11.223125 -1.156796 -4374.393864 
3054 -11.310180 -2.994207 -4377.388072 
3059 2.788593 -0.523086 -4377.911157 
3064 7.201589 -0.221797 -4378.132955 
3066 -2.990295 -0.827135 -4378.960089 
3068 -119.447290 -16.535206 -4395.495295 
3069 4.195334 -0.704184 -4396.199479 
3077 5.905894 -1.597577 -4397.797057 
3079 -8.332460 -1.365473 -4399.162530 
3080 42.267646 3.897208 -4395.265321 
3081 -2.642416 -1.846486 -4397.111807 
3082 5.553332 -0.295630 -4397.407437 
3086 55.990855 6.419031 -4390.988405 
3090 -3.828023 -1.072859 -4392.061264 
3096 8.641346 0.817227 -4391.244037 
3097 7.218586 0.592971 -4390.651066 
3098 -2.302222 -0.622630 -4391.273696 
3102 -6.321378 -0.955034 -4392.228730 
3109 -2.374595 -0.522821 -4392.751551 
3111 2.594986 -0.215487 -4392.967038 
3117 -3.733333 -0.559518 -4393.526555 
3118 2.467682 0.245026 -4393.281529 
3119 2.431574 0.230420 -4393.051109 
3122 -3.433201 -0.497104 -4393.548213 
3128 -6.880000 -0.906472 -4394.454685 
3137 -8.253057 -0.962993 -4395.417677 
3139 -5.838904 -0.722581 -4396.140258 
3147 -6.164055 -0.652517 -4396.792775 
3153 5.685187 1.137933 -4395.654842 
3159 5.513846 0.999594 -4394.655248 
3167 -32.777303 -3.216951 -4397.872198 
3172 2.236839 0.718747 -4397.153451 
3176 6.857269 0.802776 -4396.350675 
3177 4.226474 0.865615 -4395.485060 
3180 -13.822102 -1.480661 -4396.965720 
3181 -13.818927 -1.163709 -4398.129429 
3184 -8.981153 -0.693296 -4398.822725 
3187 3.835286 1.664718 -4397.158007 
3188 -2.588785 -0.164225 -4397.322232 
3190 46.663297 6.868395 -4390.453837 
3192 3.694977 0.592989 -4389.860848 
3195 4.627147 0.934529 -4388.926318 
3209 13.533897 1.885718 -4387.040600 
3216 7.672773 1.745193 -4385.295408 
3219 20.811092 3.130817 -4382.164591 
3229 3.016708 1.187500 -4380.977091 
3232 -4.558217 -0.162074 -4381.139165 
3234 -5.015509 -0.611423 -4381.750587 
3239 -4.650274 0.327573 -4381.423014 
3242 2.238577 1.743192 -4379.679822 
3244 9.255563 1.503448 -4378.176374 
3250 34.023637 5.309962 -4372.866412 
3256 11.971811 2.235159 -4370.631253 
3259 4.699123 0.797483 -4369.833770 
3261 -2.660242 0.327847 -4369.505924 
3267 2.579701 1.461511 -4368.044413 
3277 2.782056 0.862195 -4367.182218 
3279 4.764819 2.093374 -4365.088845 
3282 3.333372 1.705660 -4363.383184 
3290 -10.908822 -0.864383 -4364.247568 
3292 2.630890 0.757410 -4363.490158 
3298 2.358661 0.804310 -4362.685848 
3303 -4.395676 2.073934 -4360.611913 
3309 -2.896406 -0.182093 -4360.794006 
3319 29.075805 4.868704 -4355.925302 
3321 -3.733402 -0.155345 -4356.080648 
3323 5.967237 3.651624 -4352.429024 
3326 4.955730 0.953345 -4351.475679 
3327 2.210528 1.770535 -4349.705145 
3331 8.888818 2.273567 -4347.431578 
3336 -5.259497 -0.058184 -4347.489762 
3343 3.925530 2.646102 -4344.843660 
3346 21.776205 3.428662 -4341.414998 
3347 2.524600 1.231276 -4340.183722 
3348 4.280914 1.739009 -4338.444713 
3353 -3.490698 0.244871 -4338.199842 
3354 16.512200 3.055020 -4335.144822 
3357 -2.396428 -0.098294 -4335.243115 
3361 -7.674216 -0.461785 -4335.704900 
3363 2.031628 1.478907 -4334.225994 
3364 -3.552939 0.107364 -4334.118629 
3365 10.808943 2.829216 -4331.289413 
3379 4.765969 2.691390 -4328.598023 
3383 5.975779 1.886625 -4326.711398 
3385 2.256733 0.641947 -4326.069451 
3387 4.397898 1.470741 -4324.598710 
3394 -7.082557 -0.289787 -4324.888497 
3402 2.824676 2.280619 -4322.607879 
3405 -2.038325 0.030983 -4322.576896 
3407 -28.004726 -3.272170 -4325.849066 
3412 -2.340036 0.215050 -4325.634016 
3414 -5.703721 -0.120839 -4325.754855 
3415 2.080647 2.824567 -4322.930288 
3421 6.611194 1.698141 -4321.232147 
3423 2.516402 1.479206 -4319.752941 
3444 -9.436480 0.193055 -4319.559885 
3456 9.411745 3.506261 -4316.053624 
3460 -5.419398 1.070914 -4314.982711 
3463 -3.379328 -0.016104 -4314.998815 
3465 -5.185277 -0.131269 -4315.130083 
3468 8.345833 1.717026 -4313.413058 
3472 2.132479 0.692488 -4312.720570 
3492 -3.010743 2.231671 -4310.488899 
3494 2.902413 1.621348 -4308.867551 
3498 -8.814676 0.034473 -4308.833078 
3540 2.125820 1.416352 -4307.416727 
3556 4.488560 1.230803 -4306.185924 
3576 3.065084 1.552899 -4304.633025 
3584 11.011428 3.759381 -4300.873644 
3588 -2.172407 0.198828 -4300.674816 
3641 3.322054 0.845142 -4299.829674 
3648 3.884436 1.283301 -4298.546373 
3674 2.776377 1.903260 -4296.643113 
3680 -4.009069 1.490180 -4295.152933 
3681 3.350710 6.539966 -4288.612967 
3683 5.244165 3.552670 -4285.060296 
3700 -88.043869 -1.805656 -4286.865953 
3703 2.041119 2.020875 -4284.845077 
3707 4.839521 1.020484 -4283.824594 
3710 -141.600081 -17.740526 -4301.565120 
3712 -7.903286 0.043136 -4301.521984 
3716 2.745096 2.347193 -4299.174791 
3719 3.406667 2.762553 -4296.412238 
3721 -3.081345 0.906363 -4295.505874 
3732 3.537025 0.715766 -4294.790109 
3736 2.068597 2.055867 -4292.734242 
3738 2.649635 1.451664 -4291.282578 
3741 -25.997289 -2.375447 -4293.658025 
3743 5.234671 1.146403 -4292.511622 
3751 6.127448 1.940601 -4290.571021 
3755 23.059475 3.964610 -4286.606411 
3764 11.934720 1.795300 -4284.811111 
3766 3.733593 0.574091 -4284.237020 
3768 3.865594 0.987631 -4283.249388 
3773 2.436379 1.396241 -4281.853147 
3777 -98.272583 -8.843572 -4290.696718 
3781 2.071635 2.687333 -4288.009385 
3784 2.777252 2.263138 -4285.746247 
3790 2.011997 0.487579 -4285.258668 
3791 4.129026 1.804825 -4283.453843 
3794 2.240000 1.189716 -4282.264127 
3798 22.912215 3.069408 -4279.194720 
3810 7.942626 4.483795 -4274.710924 
3812 3.564307 2.252724 -4272.458200 
3826 -2.490592 0.358593 -4272.099607 
3828 -34.329668 -3.583683 -4275.683290 
3829 7.066148 2.445735 -4273.237555 
3832 8.787692 3.067777 -4270.169778 
3845 2.105870 0.895342 -4269.274436 
3846 -4.893066 -0.243777 -4269.518213 
3851 -10.525586 1.518575 -4267.999638 
3857 223.776224 28.088921 -4239.910716 
3863 5.796881 3.732896 -4236.177820 
3882 2.998064 2.364851 -4233.812970 
3890 -4.142006 3.044414 -4230.768556 
3894 11.374733 2.079704 -4228.688851 
3906 -2.076915 0.475608 -4228.213244 
3908 2.701719 1.519984 -4226.693260 
3915 3.718736 2.844231 -4223.849028 
3926 -5.860418 3.383077 -4220.465951 
3927 2.288268 1.476567 -4218.989384 
3928 -5.137619 4.261511 -4214.727874 
3933 3.114714 4.844083 -4209.883791 
3941 3.838270 1.935368 -4207.948423 
3947 -5.735075 1.445358 -4206.503065 
3951 2.711579 3.988061 -4202.515003 
3953 3.390746 3.916134 -4198.598869 
3962 4.385559 4.492661 -4194.106209 
3966 2.029014 0.646654 -4193.459554 
3969 -6.960000 0.838730 -4192.620824 
3971 -5.924250 -0.639127 -4193.259951 
3974 93.337222 14.080370 -4179.179581 
3976 6.148809 2.969698 -4176.209883 
3977 -75.618148 -9.109001 -4185.318885 
3979 2.569748 3.453575 -4181.865310 
3980 -10.463452 -0.825613 -4182.690923 
3982 10.061035 3.318522 -4179.372401 
3992 6.523652 2.776133 -4176.596268 
3994 17.542239 5.604199 -4170.992069 
4006 -2.590983 2.084381 -4168.907689 
4013 -7.643686 4.300007 -4164.607682 
4019 -2.145868 1.227669 -4163.380013 
4024 2.426667 5.414706 -4157.965307 
4028 5.028420 1.883221 -4156.082086 
4036 2.268990 4.646994 -4151.435092 
4043 2.937835 2.496854 -4148.938238 
4047 4.371109 3.670930 -4145.267308 
4061 2.362854 4.734195 -4140.533113 
4085 -6.735316 4.500133 -4136.032981 
4087 -4.588920 3.165645 -4132.867335 
4090 -2.249480 0.824319 -4132.043016 
4092 3.652194 2.330744 -4129.712272 
4094 -2.163231 1.254773 -4128.457499 
4100 11.376920 1.651231 -4126.806268 
4101 -7.673624 1.450145 -4125.356123 
4102 -35.631181 -3.180809 -4128.536932 
4110 -19.421475 2.734897 -4125.802035 
4115 2.555778 7.101776 -4118.700259 
4116 -38.581979 -3.352182 -4122.052441 
4120 2.798133 4.651960 -4117.400481 
4121 4.023011 3.006119 -4114.394361 
4123 -11.570939 0.419408 -4113.974953 
4125 7.365390 7.239618 -4106.735335 
4126 168.942215 24.597907 -4082.137428 
4128 -18.643073 31.913196 -4050.224231 
4129 106.747498 13.377614 -4036.846617 
4130 3.695410 0.290902 -4036.555715 
4133 100.143368 12.846450 -4023.709265 
4134 2.976615 0.047013 -4023.662251 
4137 4.648094 0.205382 -4023.456869 
4138 5.613807 0.447791 -4023.009078 
4140 2.272346 0.083973 -4022.925104 
4141 7.213754 0.592923 -4022.332181 
4142 10.277141 0.660817 -4021.671364 
4144 4.248158 -0.010618 -4021.681982 
4145 2.617957 -0.090494 -4021.772476 
4156 7.273605 0.911915 -4020.860561 
4162 2.573694 0.448951 -4020.411610 
4166 -4.293155 -0.384050 -4020.795660 
4168 -160.540023 -19.336953 -4040.132613 
4169 -5.045378 -0.632791 -4040.765403 
4171 2.938448 0.436340 -4040.329063 
4175 3.962289 0.540132 -4039.788932 
4176 3.276982 0.304312 -4039.484620 
4179 5.533134 0.359545 -4039.125075 
4182 -13.137337 -1.933573 -4041.058648 
4193 2.764700 0.194981 -4040.863667 
4195 3.349510 0.245450 -4040.618217 
4196 2.046757 -0.004511 -4040.622727 
4197 -398.420907 -54.420155 -4095.042883 
4198 267.461383 -53.762819 -4148.805701 
4200 11.537476 -6.678719 -4155.484420 
4202 -175.111672 -31.344045 -4186.828465 
4204 26.491443 -11.193980 -4198.022445 
4205 4.508386 -0.627724 -4198.650169 
4206 5.027894 -1.930462 -4200.580631 
4209 7.792312 -2.806970 -4203.387600 
4212 155.829051 5.433607 -4197.953993 
4214 6.080000 -0.475554 -4198.429547 
4217 8.985857 -11.569208 -4209.998755 
4218 29.213577 -5.875461 -4215.874216 
4219 10.178450 -14.877353 -4230.751569 
4220 19.829864 -8.479573 -4239.231142 
4222 -3.684196 -3.154799 -4242.385941 
4223 -6.313371 -11.176768 -4253.562709 
4226 5.178418 -7.715922 -4261.278631 
4227 29.093862 -15.267195 -4276.545826 
4228 11.782560 -4.037710 -4280.583535 
4230 43.645333 -7.902746 -4288.486281 
4231 6.858595 -11.066352 -4299.552633 
4232 10.990912 -11.815676 -4311.368309 
4233 -5.734533 -5.706199 -4317.074509 
4234 10.088079 -5.737233 -4322.811741 
4236 32.102223 -24.210814 -4347.022555 
4239 -68.831021 -35.095424 -4382.117980 
4240 9.900980 -6.673757 -4388.791737 
4244 4.600144 -6.060157 -4394.851894 
4245 12.567354 -20.454162 -4415.306056 
4246 65.116363 -4.997337 -4420.303393 
4247 38.573543 -19.157086 -4439.460479 
4249 -13.549062 -11.769848 -4451.230327 
4251 30.663111 -14.499807 -4465.730134 
4252 -21.718848 -11.348062 -4477.078196 
4254 16.636913 -16.276622 -4493.354818 
4255 -412.536074 -68.939699 -4562.294517 
4257 5.911151 -0.505693 -4562.800210 
4258 -2449.061236 -320.397282 -4883.197491 
4262 6.714315 -2.132560 -4885.330052 
4266 12.815708 -16.752828 -4902.082879 
4267 4.401766 -2.474946 -4904.557826 
4270 -10.108343 -7.928795 -4912.486621 
4271 5.606276 -11.266201 -4923.752822 
4274 -46.411205 -12.853095 -4936.605917 
4278 13.086153 -13.927847 -4950.533764 
4279 19.284047 -5.881072 -4956.414836 
4282 5.975806 -14.012461 -4970.427297 
4283 -54.104813 -8.690087 -4979.117385 
4284 9.969398 -6.987396 -4986.104781 
4287 8.123875 -12.566682 -4998.671463 
4289 2.331777 -3.684620 -5002.356082 
4294 153.967282 17.810941 -4984.545141 
4295 -12.280645 -11.348670 -4995.893811 
4297 10.485410 -21.297911 -5017.191722 
4298 6.278587 -1.249664 -5018.441386 
4299 11.218736 -2.375143 -5020.816529 
4301 4.836561 -9.989218 -5030.805747 
4302 77.283376 -7.679902 -5038.485649 
4303 6.776328 -3.026248 -5041.511897 
4308 4.614854 -1.030927 -5042.542824 
4309 2.764718 -2.449151 -5044.991975 
4310 -21.039051 -19.720542 -5064.712516 
4312 -402.040052 -78.796503 -5143.509020 
4314 4.516135 -13.230593 -5156.739613 
4317 -69.306244 -12.329807 -5169.069421 
4319 -226.920297 -34.978417 -5204.047838 
4320 235.200000 14.394407 -5189.653431 
4322 -21.985584 -5.965373 -5195.618804 
4324 26.094679 -0.878005 -5196.496809 
4325 -32.604444 -8.047219 -5204.544028 
4328 23.794335 -12.093823 -5216.637851 
4329 123.687686 3.515505 -5213.122346 
4330 -18.311199 -11.101606 -5224.223952 
4331 -75.328961 -26.766939 -5250.990891 
4332 55.576150 -9.390212 -5260.381103 
4340 60.874726 6.038309 -5254.342794 
4345 -6.139151 -5.280162 -5259.622956 
4349 -8.898570 -7.954803 -5267.577759 
4352 29.217439 -14.640519 -5282.218277 
4358 12.712741 -4.242859 -5286.461137 
4362 2.723556 -1.508152 -5287.969288 
4364 -8.909072 -9.720719 -5297.690007 
4367 -12.617628 -6.580383 -5304.270390 
4368 -18.750081 -9.373985 -5313.644375 
4372 3.157431 -3.185147 -5316.829523 
4375 16.237095 -4.258609 -5321.088132 
4376 -2.165484 -2.966211 -5324.054343 
4381 2.793935 -1.663692 -5325.718035 
4382 63.056928 4.372438 -5321.345597 
4383 -45.834724 -19.186936 -5340.532533 
4385 14.400011 -19.964600 -5360.497133 
4387 6.894759 -9.063815 -5369.560949 
4388 -2134.112187 -277.659194 -5647.220142 
4391 8.589488 -7.296436 -5654.516579 
4393 17.402323 -4.567075 -5659.083654 
4396 6.133404 -1.319096 -5660.402750 
4402 5.565361 -5.772074 -5666.174824 
4409 3.390270 -1.125382 -5667.300206 
4417 7.646617 -0.006641 -5667.306847 
4420 5.616585 -3.514323 -5670.821170 
4421 14.882466 -2.045362 -5672.866532 
4425 -10.937252 -2.606157 -5675.472689 
4429 2.506541 -1.633010 -5677.105700 
4430 -10.995117 -2.443425 -5679.549125 
4434 -11.004414 -6.243718 -5685.792843 
4437 26.793919 -1.042589 -5686.835432 
4443 -5.294545 -2.236679 -5689.072111 
4447 7.149393 0.654597 -5688.417514 
4448 3.662031 -1.817737 -5690.235251 
4449 28.498870 0.707689 -5689.527562 
4450 5.331300 -1.924539 -5691.452102 
4451 -6.272693 -2.283472 -5693.735573 
4453 -13.277148 -6.230199 -5699.965772 
4456 -203.786269 -28.368655 -5728.334427 
4457 9.943430 -2.432754 -5730.767180 
4460 4.267582 -2.399010 -5733.166190 
4465 3.693953 -0.703059 -5733.869249 
4470 4.903550 -3.402847 -5737.272096 
4472 25.303591 -1.493559 -5738.765655 
4476 2.596773 -2.422766 -5741.188421 
4477 -20.606400 -5.162373 -5746.350793 
4480 22.281083 -0.986374 -5747.337167 
4482 7.082564 -3.029043 -5750.366210 
4484 4.800706 -3.491908 -5753.858118 
4488 6.499571 -1.842390 -5755.700509 
4495 3.433602 -2.213948 -5757.914457 
4496 2.756487 -0.054749 -5757.969205 
4499 6.730106 -0.674268 -5758.643473 
4501 -16.018321 -3.747392 -5762.390865 
4502 -2.064369 -1.270154 -5763.661020 
4503 -7.342222 -2.823278 -5766.484297 
4515 6.294318 -1.993817 -5768.478115 
4517 10.205537 -1.043074 -5769.521189 
4522 -15.520000 -4.491882 -5774.013071 
4523 2.325248 -0.008430 -5774.021501 
4525 -2.058969 -1.848372 -5775.869873 
4527 -6.363778 -1.336178 -5777.206052 
4529 17.549018 0.980502 -5776.225550 
4530 14.146352 -1.144330 -5777.369880 
4531 5.406427 -0.873333 -5778.243213 
4532 4.727063 -2.215465 -5780.458678 
4536 -5.536604 -3.132417 -5783.591095 
4538 -3.577516 -1.987231 -5785.578326 
4542 2.148389 -1.863282 -5787.441608 
4544 9.610597 -1.720407 -5789.162015 
4545 4.607303 -3.178903 -5792.340919 
4547 7.019067 -1.832817 -5794.173736 
4548 11.048168 -1.262564 -5795.436299 
