22 -4.357444 -0.024201 -0.024201 
25 -80.517556 -7.149800 -7.174001 
67 5.616828 1.413694 -5.760307 
72 -2.198003 1.998792 -3.761515 
82 2.081674 2.262996 -1.498519 
135 -3.501926 -0.353653 -1.852172 
237 -2.263491 0.281417 -1.570754 
285 -3.052701 1.719532 0.148778 
315 8.583673 2.726738 2.875516 
328 2.882298 2.696854 5.572369 
341 -9.942171 -0.033501 5.538868 
351 2.009306 3.643639 9.182507 
377 -4.627411 0.471582 9.654089 
406 -4.657469 0.601472 10.255561 
417 5.686166 9.313495 19.569056 
421 2.125189 3.033877 22.602933 
424 -4.857242 0.092044 22.694977 
438 -2.175178 1.030306 23.725283 
439 -11.914028 -0.581774 23.143508 
579 10.172155 3.130731 26.274239 
597 2.436917 4.699801 30.974041 
704 -2.368390 0.128724 31.102765 
750 2.060497 0.985939 32.088704 
813 6.604500 2.222761 34.311465 
902 7.498407 1.693884 36.005349 
951 -2.040858 0.402336 36.407685 
1015 2.515777 4.130608 40.538293 
1017 -2.066892 1.379559 41.917852 
1039 4.574958 0.775701 42.693553 
1080 -5.175131 0.217982 42.911535 
1141 2.085239 1.388029 44.299564 
1199 19.443571 3.898288 48.197852 
1210 -2.864904 0.682723 48.880575 
1273 -69.930070 -8.118329 40.762246 
1277 2.166510 2.694158 43.456404 
1325 3.158194 2.431763 45.888168 
1368 2.091966 2.242791 48.130959 
1399 2.133275 5.085855 53.216813 
1462 19.481006 3.187402 56.404215 
1552 2.187862 1.243811 57.648025 
1596 -7.142092 0.507629 58.155655 
1622 -7.113838 1.013335 59.168990 
1650 -10.667111 0.599323 59.768313 
1743 -5.538249 0.169095 59.937407 
1798 -2.106921 1.356737 61.294144 
1831 -3.636860 0.724747 62.018890 
1924 2.419374 2.959971 64.978861 
1949 14.500604 11.691988 76.670849 
2006 -2.292329 6.121468 82.792317 
2599 -2.634900 1.461977 84.254294 
2603 -2.412013 0.554045 84.808339 
2622 -2.363293 0.839569 85.647908 
2641 -2.799751 1.494808 87.142716 
2666 31.311377 35.918828 123.061544 
2691 20.646708 3.204400 126.265944 
2729 -3.651182 15.142105 141.408049 
2732 7.447258 2.129249 143.537298 
2774 23.843451 95.191413 238.728711 
2775 95.887178 98.212935 336.941645 
2799 -2.064615 0.259766 337.201411 
2802 2.139271 0.319993 337.521404 
2812 -3.555299 -0.223189 337.298215 
2821 -2.830031 0.046203 337.344418 
2825 -4.223642 0.614572 337.958989 
2846 -6.997411 -0.718937 337.240052 
2854 2.112701 1.381828 338.621880 
2873 -2.113854 0.184606 338.806486 
2885 7.032704 2.165907 340.972393 
2926 -2.243018 1.238070 342.210463 
2928 -2.397095 1.050322 343.260785 
2941 -19.257833 -1.416665 341.844120 
2949 4.921865 3.615692 345.459813 
2958 -5.310189 0.697371 346.157183 
3004 -8.145666 0.593713 346.750897 
3007 9.858252 2.508144 349.259041 
3011 -44.118519 69.149564 418.408605 
3012 65.604920 58.682393 477.090999 
3013 -3.892875 -0.605323 476.485675 
3018 -20.717152 -2.711503 473.774173 
3026 -8.000324 -1.084299 472.689873 
3034 -3.723637 -0.560776 472.129098 
3044 -3.004270 -0.291991 471.837107 
3045 3.009712 0.414389 472.251496 
3061 -103.898180 -12.925924 459.325572 
3065 -9.570420 -1.226854 458.098718 
3070 8.127458 1.260245 459.358963 
3072 -2.638325 -0.242238 459.116724 
3103 -2.028978 -0.134152 458.982572 
3109 -8.480697 0.247332 459.229905 
3111 9.571790 7.254724 466.484629 
3114 2.223941 1.014908 467.499537 
3121 19.940179 2.890253 470.389790 
3150 -30.595014 -3.252923 467.136867 
3164 9.208103 1.566540 468.703407 
3171 4.018770 0.876886 469.580293 
3173 -2.189218 -0.039182 469.541111 
3176 2.612293 0.268775 469.809886 
3186 4.224795 1.342691 471.152577 
3190 6.518048 1.121598 472.274175 
3195 2.661033 0.967026 473.241201 
3211 -3.386437 -0.095369 473.145832 
3215 -15.062161 -1.484160 471.661672 
3216 5.437846 1.566167 473.227839 
3226 -2.424267 -0.126980 473.100859 
3227 -3.495046 -0.119351 472.981508 
3230 3.511729 2.080265 475.061773 
3234 -9.433934 -0.981630 474.080143 
3240 -36.422151 -3.313268 470.766875 
3241 16.064295 2.922370 473.689245 
3246 2.556110 0.479074 474.168319 
3250 2.835303 0.342667 474.510986 
3255 2.900769 0.648424 475.159410 
3259 3.524342 0.587297 475.746707 
3288 -6.763461 0.301644 476.048351 
3297 7.565195 2.455753 478.504104 
3319 6.768970 1.083146 479.587250 
3326 5.805284 1.278090 480.865341 
3355 -29.152708 1.227770 482.093110 
3357 -7.207301 0.698395 482.791505 
3361 -6.222337 -0.019081 482.772424 
3365 2.500028 0.901152 483.673575 
3383 2.317139 1.002811 484.676386 
3399 -13.333778 -1.691148 482.985238 
3403 -2.154859 0.396300 483.381538 
3404 4.487831 1.540903 484.922441 
3414 -15.950667 1.303545 486.225986 
3418 -12.340391 1.862934 488.088921 
3419 12.513694 3.406840 491.495761 
3430 2.209301 0.904221 492.399982 
3446 -6.060667 -0.235181 492.164801 
3448 2.802644 0.655868 492.820668 
3452 -3.495044 -0.220937 492.599732 
3463 -3.126453 0.116610 492.716342 
3486 2.972321 3.505347 496.221689 
3489 4.127370 1.374054 497.595743 
3498 -2.592552 -0.052115 497.543628 
3499 -2.366702 0.373318 497.916946 
3514 -10.144891 0.837376 498.754321 
3534 2.992371 0.949329 499.703651 
3556 2.442754 0.771637 500.475288 
3564 -4.651249 -0.326192 500.149096 
3584 5.663020 2.869645 503.018741 
3588 -2.413786 0.888163 503.906904 
3589 4.785014 3.976852 507.883757 
3605 2.666660 2.807306 510.691063 
3641 3.525445 1.138104 511.829167 
3658 5.081150 1.876900 513.706067 
3692 4.878001 1.111564 514.817631 
3696 -3.240263 1.266695 516.084327 
3710 -388.388793 -48.009216 468.075111 
3777 -8.784141 -0.016541 468.058570 
3798 27.640133 4.971691 473.030262 
3850 -4.022553 1.820496 474.850757 
3851 -4.321184 3.251119 478.101876 
3852 3.294187 3.417968 481.519844 
3857 167.832168 21.455266 502.975110 
3862 -6.667905 0.011565 502.986675 
3969 -2.171429 2.844379 505.831054 
3977 -71.217092 -6.167462 499.663592 
3992 3.853458 6.422082 506.085674 
3994 4.979940 5.080558 511.166232 
3996 -5.109219 14.525372 525.691604 
4039 4.292580 2.632873 528.324477 
4053 -6.024708 4.293577 532.618054 
4059 4.401622 3.269171 535.887225 
4061 2.109691 7.757144 543.644368 
4074 14.270772 78.851482 622.495850 
4075 48.157008 64.064069 686.559919 
4090 -3.585638 -0.135972 686.423947 
4092 6.956560 1.511465 687.935412 
4100 44.007426 5.778426 693.713837 
4102 -4.726585 -0.657066 693.056771 
4107 -3.434607 1.378165 694.434937 
4111 25.182061 4.071853 698.506790 
4120 2.462357 1.433343 699.940133 
4129 2.999930 0.330149 700.270282 
4131 2.575867 1.223544 701.493826 
4146 -2.589025 -0.075720 701.418105 
4152 -6.837350 -0.222277 701.195829 
4153 -3.061238 0.577259 701.773088 
4154 2.251894 0.284002 702.057090 
4156 3.200018 0.874891 702.931981 
4159 2.670405 0.991409 703.923389 
4164 -3.494149 -0.085353 703.838036 
4168 -9.867078 -1.112090 702.725947 
4176 2.725617 2.020801 704.746748 
4180 -392.149174 -41.060603 663.686145 
4182 -8.219398 -0.614017 663.072128 
4193 3.361337 0.776421 663.848549 
4197 -7.848923 -0.461058 663.387491 
4200 6.166775 2.876506 666.263997 
4209 2.492211 0.806876 667.070873 
4214 4.297143 0.782392 667.853265 
4222 -2.268997 0.758902 668.612167 
4234 3.202565 1.946094 670.558262 
4255 -38.074022 -3.339103 667.219158 
4257 11.111185 3.226141 670.445299 
4262 2.163275 0.973934 671.419233 
4268 18.731132 9.063989 680.483222 
4273 -2.043047 2.187705 682.670927 
4274 -6.225514 -0.306747 682.364180 
4283 -35.527471 -2.785107 679.579073 
4286 -4.255401 0.390556 679.969629 
4288 -4.865492 1.356986 681.326615 
4290 -2.974832 3.000168 684.326783 
4291 830.737279 109.909678 794.236462 
4294 87.981304 11.455623 805.692084 
4298 5.960317 2.100171 807.792255 
4325 -18.204444 -0.169108 807.623147 
4331 -12.784930 0.754032 808.377179 
4333 3.322055 2.178788 810.555967 
4343 15.093500 2.415348 812.971315 
4344 8.163429 1.830501 814.801816 
4345 -2.170066 0.725098 815.526914 
4352 2.305204 1.200462 816.727376 
4355 -2.718561 0.471489 817.198864 
4356 -5.852521 0.885666 818.084530 
4367 -4.183623 0.582628 818.667159 
4373 4.937912 0.671130 819.338288 
4380 -9.483983 5.795283 825.133571 
4381 5.206090 2.813786 827.947357 
4382 14.413012 2.068115 830.015472 
4383 -23.367777 0.135675 830.151147 
4386 -7.153452 -0.738806 829.412341 
4388 -440.105625 -54.688247 774.724095 
4393 4.249652 0.728187 775.452282 
4394 -4.760000 -0.562849 774.889433 
4395 -10.529885 -1.191151 773.698282 
4401 8.554050 1.083760 774.782042 
4404 2.022242 0.411764 775.193806 
4410 3.095388 0.413903 775.607709 
4414 2.376645 0.178044 775.785753 
4417 3.212864 0.275111 776.060863 
4418 2.312979 0.148311 776.209174 
4421 7.141403 0.856671 777.065846 
4425 -11.687235 -1.574093 775.491752 
4428 3.215857 0.272708 775.764460 
4430 -16.437883 -2.173495 773.590965 
4436 3.061418 0.270491 773.861457 
4440 -4.134372 -0.607085 773.254372 
4441 5.471010 0.542447 773.796819 
4447 14.639232 1.663950 775.460769 
4448 2.203700 -0.087981 775.372788 
4450 4.191925 0.090464 775.463252 
4453 -2.849318 -0.686893 774.776358 
4459 -15.266488 -2.216692 772.559667 
4463 -3.382678 -0.690663 771.869003 
4468 -2.066799 -0.688189 771.180814 
4470 3.384093 -0.448171 770.732643 
4475 -3.503081 -0.605923 770.126721 
4477 -11.235769 -1.836587 768.290133 
4479 -2.288710 -0.738171 767.551962 
4486 2.488921 0.126964 767.678926 
4487 7.920716 0.631613 768.310539 
4490 -10.382240 -1.343120 766.967420 
4496 3.606232 0.411418 767.378837 
4497 3.784976 0.463199 767.842037 
4503 -4.888889 -0.571123 767.270914 
4504 11.145580 1.288852 768.559765 
4518 9.090857 1.005039 769.564804 
4524 -2.203854 -0.344890 769.219914 
4530 6.433421 0.838664 770.058578 
4533 20.834180 2.524054 772.582632 
4535 -10.804447 -1.464317 771.118315 
4544 3.291541 0.188161 771.306476 
4547 4.098089 0.184354 771.490831 
4548 10.987927 0.792483 772.283314 
