39 4.995130 0.856139 
196 14.466844 5.935572 
213 -3.872579 2.625007 
341 -4.176888 0.911872 
392 2.576486 5.172748 
424 -3.428641 1.119136 
432 -4.696027 4.710950 
508 3.666950 3.077224 
608 2.773333 2.857691 
690 66.754324 9.075418 
752 -15.999385 0.532998 
806 3.120000 2.268388 
829 4.400479 2.963767 
857 -6.756276 2.650834 
896 3.066552 6.728541 
928 -12.797867 0.431458 
1019 2.912904 3.322790 
1031 -68.777182 -7.918699 
1039 5.718697 1.062664 
1059 -3.093370 2.099456 
1104 2.978914 2.353485 
1135 -2.049877 0.944019 
1144 -9.125915 4.008229 
1165 7.637405 2.105481 
1199 9.149916 2.316343 
1270 -2.064533 5.088685 
1273 -219.780220 -23.080327 
1325 4.386380 6.562819 
1353 -2.377411 8.954128 
1561 3.546017 2.169720 
1584 6.001440 1.763366 
1586 -3.257366 1.707858 
1593 2.700108 3.260888 
1596 -8.284827 0.970551 
1650 -6.500271 0.601252 
1667 3.147618 4.419199 
1696 5.976527 5.109806 
1760 3.291804 1.728425 
1840 -7.248460 0.934058 
1873 -4.110814 2.944099 
1891 -6.993182 -0.576405 
1923 2.768000 6.271035 
2008 2.027053 6.829595 
2060 -24.501021 4.197793 
2096 11.691858 3.109993 
2217 -2.065625 1.173527 
2264 4.436807 5.085465 
2333 -14.303504 1.236665 
2380 -3.930506 0.498351 
2382 -3.243287 0.616288 
2404 -21.388884 3.955179 
2428 -3.408638 3.000013 
2480 2.922965 1.669394 
2534 2.844495 3.759648 
2875 -4.353377 0.742759 
2885 2.659241 2.443517 
2901 2.032837 2.542248 
2992 -47.952048 -5.693623 
3019 12.118348 4.630665 
3026 -5.333549 2.767361 
3028 -4.364212 0.084794 
3078 4.888897 4.429054 
3084 -4.359482 2.675535 
3102 -4.192750 0.522024 
3124 3.907439 1.308134 
3319 2.730664 2.200251 
3557 113.886114 16.246183 
3710 -80.914332 -8.907713 
3798 4.182389 1.800473 
3820 2.333421 1.051088 
3857 193.806194 27.793067 
4258 -2.182116 0.342191 
4388 -15.003601 3.013687 
