25 -14.821640 -0.851913 -0.851913 
135 -14.382911 -0.113953 -0.965866 
193 -2.857674 0.558835 -0.407031 
196 8.468396 2.185907 1.778876 
216 -3.648688 1.206073 2.984949 
236 12.466052 2.367459 5.352408 
305 4.878537 3.651234 9.003641 
407 -10.789426 -0.933030 8.070611 
424 -2.612298 0.812967 8.883578 
439 -3.478548 0.206622 9.090200 
575 -4.792191 1.688406 10.778606 
577 5.422813 2.798370 13.576975 
641 8.153595 1.960655 15.537630 
690 38.434308 5.048235 20.585865 
752 -4.769047 -0.137297 20.448569 
1036 -2.866199 0.450481 20.899050 
1080 -13.643528 0.957614 21.856664 
1100 -8.991009 -1.045663 20.811001 
1144 -2.500422 0.471593 21.282594 
1199 8.006176 1.560492 22.843086 
1273 -23.976024 -2.851741 19.991346 
1340 -3.158194 1.618048 21.609394 
1462 21.978571 3.659693 25.269086 
1584 10.202449 2.507712 27.776799 
1596 -9.998929 0.414855 28.191654 
1650 -4.833535 0.002306 28.193960 
1674 -2.355173 1.054456 29.248416 
1884 -11.602785 -0.765570 28.482846 
1949 2.333431 1.629088 30.111934 
2060 -8.250344 1.803813 31.915746 
2077 2.720000 2.115526 34.031272 
2111 5.020511 3.382657 37.413929 
2157 -2.025032 3.478485 40.892414 
2178 9.676827 1.735123 42.627537 
2309 13.724873 2.717169 45.344706 
2362 3.384498 1.208218 46.552924 
2403 6.072186 4.417592 50.970516 
2422 3.374272 1.338868 52.309384 
2430 -8.802113 -0.350965 51.958419 
2477 2.856837 0.606777 52.565197 
2480 2.461444 1.696982 54.262178 
2720 6.660155 1.289181 55.551359 
2732 10.559545 3.095256 58.646616 
2805 -6.993356 -0.857624 57.788991 
3092 4.500188 2.516819 60.305811 
3101 -27.306937 -2.398957 57.906854 
3557 29.304029 5.492836 63.399690 
3710 -23.600013 -1.886350 61.513340 
3778 4.662098 1.684501 63.197841 
4527 -6.291049 98.640260 161.838101 
4528 2.407747 91.121701 252.959802 
