178 -4.462237 2.561976 
289 2.057903 3.185346 
305 2.121103 1.085659 
362 -2.945192 0.495543 
439 -5.913532 -0.070691 
579 2.400171 0.591648 
641 14.153411 2.606587 
648 2.182353 3.794506 
664 4.153691 2.222229 
690 36.411449 4.604196 
745 2.345250 2.807112 
749 -2.449847 0.039986 
790 -2.745514 1.070727 
793 3.889312 2.133132 
813 4.120238 1.121677 
833 2.328205 1.033171 
857 -2.266908 0.210189 
928 -5.065822 -0.288211 
1031 -16.182866 -2.023290 
1093 -3.358307 0.899066 
1100 -10.989011 -1.325301 
1135 -2.299862 0.336013 
1165 13.638223 2.754615 
1191 4.892649 2.457326 
1210 -3.351397 0.397810 
1284 -3.949758 2.356987 
1290 -2.217584 0.571516 
1295 -2.073920 0.155008 
1325 3.789833 2.471361 
1512 -7.360000 0.939949 
1584 9.002161 1.959846 
1596 -18.712281 0.666086 
1647 -2.162188 1.338792 
1651 -3.314601 2.088187 
1828 -4.601127 0.342177 
1873 -2.740543 1.502607 
1884 -68.816516 -3.673785 
1889 -2.260462 1.087818 
1924 2.967766 4.120628 
1928 -2.381049 1.597385 
1941 2.525278 4.848592 
1949 4.166840 3.260899 
2060 -2.250094 0.902041 
2104 -3.163851 7.491001 
2111 15.224801 14.838175 
2131 -2.038909 3.412087 
2178 4.671572 0.787038 
2207 -2.744536 3.391910 
2210 2.911249 2.432072 
2217 -6.360812 2.764970 
2235 8.333681 5.333328 
2264 3.977034 4.202698 
2333 -8.302034 0.168797 
2344 13.141496 4.513800 
2356 -4.141073 1.642455 
2380 -10.895087 1.005690 
2398 2.975183 1.148039 
2404 -4.059647 0.392015 
2430 -8.602064 -0.565112 
2477 4.713781 0.953856 
2596 6.929367 1.457277 
2603 -6.530084 0.856961 
2666 2.238659 1.510032 
2691 45.289553 6.728458 
2805 -53.948749 -5.912938 
2815 3.999347 1.451527 
2830 -2.997153 -0.447758 
2870 6.236648 12.547301 
2874 -28.638982 -3.020170 
2992 -55.944056 -6.621410 
3004 -3.536292 2.042778 
3028 -2.273027 0.009120 
3101 -17.982617 -1.909228 
3110 -3.952992 0.859888 
3240 -3.582507 1.624218 
3241 2.204903 2.647521 
3401 -2.799897 1.349804 
3557 9.990010 1.246660 
3564 -2.000037 0.738516 
3649 37.139143 7.896079 
3707 2.432106 4.827498 
3710 -331.748761 -37.908771 
3828 -11.873419 3.642941 
3857 37.962038 5.218789 
3911 6.001500 1.330155 
4023 -3.131688 3.803870 
4050 -4.166840 0.776816 
4083 -3.824374 0.112264 
4108 5.694625 2.715857 
4126 2.137636 0.607233 
4129 3.312422 1.937055 
4224 -14.314936 176.411627 
4225 -24.414368 164.878937 
4230 4.556937 1.585708 
4233 -2.048047 1.021911 
4235 -8.396831 0.179271 
4250 7.744581 3.517654 
4256 2.194668 1.745283 
4281 -8.289367 1.132993 
4283 -22.374171 -2.446808 
4286 -3.191550 -0.194255 
4288 -7.368414 0.309009 
4291 69.228107 8.825965 
4292 16.000640 2.183295 
4304 -35.525895 -3.488664 
4312 -22.388628 -1.624742 
4313 -10.706555 -0.327998 
4319 -5.262530 -0.673764 
4325 -6.373333 -0.386966 
4326 -3.076876 0.087445 
4327 -2.068985 0.318014 
4328 2.439849 1.081667 
4340 13.044584 1.731380 
4343 4.528050 0.621001 
4344 2.449029 0.447497 
4358 4.767278 2.035931 
4368 -3.839302 0.534910 
4370 9.859132 1.939404 
4379 -77.923635 -9.496051 
4382 17.836102 3.017477 
4384 4.721236 1.120890 
4390 -31.764145 -3.349078 
4396 2.380980 0.851363 
4401 6.149608 1.586519 
4409 2.918919 1.533292 
4417 5.783156 1.437959 
4422 50.155093 7.856786 
4430 -14.520130 -0.278484 
4439 7.916991 1.453445 
4447 17.873481 2.622816 
4449 4.057032 1.054285 
4456 -53.335556 -5.609049 
4464 -25.088674 -2.385949 
4471 2.037491 1.196803 
4475 -8.876050 -0.271002 
4477 -2.528048 0.091364 
4478 -2.574489 0.793141 
4483 -2.077066 1.408713 
4487 2.227701 1.018892 
4490 -3.197429 -0.020969 
4496 4.818672 1.406797 
4497 2.903249 1.004437 
4506 -2.040823 0.547261 
4514 16.578736 4.150737 
4517 2.733626 1.610401 
4518 2.727257 0.349906 
4523 3.114172 0.854162 
4531 3.218111 2.294671 
4535 -4.020739 0.017489 
4547 2.316074 2.404543 
