22 -6.818118 1.721253 1.721253 
27 6.278541 12.300809 14.022062 
33 2.964622 2.955392 16.977453 
39 3.996104 0.503508 17.480961 
96 -2.332835 1.734639 19.215600 
97 2.331549 8.478522 27.694122 
135 -9.004953 -0.116885 27.577236 
140 3.749951 4.781637 32.358874 
142 -4.909064 18.969456 51.328330 
196 3.293265 0.655696 51.984026 
271 2.190566 3.023800 55.007826 
341 -4.059229 0.373829 55.381655 
362 -8.944658 2.476379 57.858033 
439 -7.826734 0.182282 58.040316 
511 -9.102211 -0.614495 57.425821 
548 -2.937820 3.652281 61.078102 
575 -2.565897 0.669374 61.747476 
690 54.617174 7.228595 68.976071 
691 2.349856 1.990906 70.966978 
902 7.998300 2.274282 73.241259 
969 -19.196801 0.820680 74.061940 
1080 -4.469431 0.455843 74.517782 
1100 -26.973027 -2.717372 71.800411 
1144 -2.187869 0.652930 72.453341 
1165 4.727917 1.179971 73.633312 
1273 -37.962038 -4.305513 69.327799 
1295 -4.221909 0.934481 70.262280 
1453 2.099874 1.549610 71.811891 
1760 3.000125 1.662300 73.474190 
1831 -2.000273 0.495149 73.969339 
1891 -9.490747 -0.503913 73.465426 
2060 -2.916788 0.953241 74.418667 
2217 -2.196775 2.531903 76.950570 
2309 3.431218 0.719039 77.669609 
2380 -2.620337 0.837587 78.507196 
2666 2.387903 3.234576 81.741772 
2732 2.223062 0.932095 82.673867 
2830 -17.982916 -1.580325 81.093541 
2992 -41.958042 -4.563966 76.529576 
3102 -4.708781 2.331170 78.860746 
3169 -2.304741 2.419276 81.280021 
3399 -5.000167 -0.188868 81.091154 
3468 2.403754 5.291581 86.382735 
3557 11.988012 1.598188 87.980923 
3577 -4.352856 3.354809 91.335732 
3596 8.095566 7.301690 98.637422 
3649 14.284286 3.634913 102.272335 
3710 -252.857287 -27.586421 74.685914 
3755 2.635369 2.853856 77.539770 
3763 -3.286927 16.994826 94.534596 
3798 6.091740 1.977899 96.512494 
3828 -12.905890 1.890082 98.402576 
3862 -8.334881 1.594319 99.996895 
3911 2.000500 0.285625 100.282520 
3971 -3.269878 0.874255 101.156775 
3977 -14.003361 -0.737058 100.419717 
4083 -13.559145 0.245460 100.665177 
4102 -4.544793 0.779823 101.445000 
4126 7.723073 2.679788 104.124788 
4132 6.846866 2.531568 106.656356 
4240 2.067890 26.961267 133.617624 
4258 -11.456108 -0.494049 133.123575 
4283 -5.085039 1.413711 134.537286 
4304 -2.789441 1.030511 135.567797 
4319 -5.262530 1.267014 136.834810 
4340 3.000254 1.071881 137.906691 
4388 -25.006001 -1.737263 136.169429 
4456 -4.166840 0.393138 136.562566 
4464 -2.945192 0.609009 137.171575 
4529 57.098827 93.319654 230.491229 
4530 38.546716 85.991122 316.482352 
