22 -6.818118 1.721253 
27 6.278541 12.300809 
33 2.964622 2.955392 
39 3.996104 0.503508 
96 -2.332835 1.734639 
97 2.331549 8.478522 
135 -9.004953 -0.116885 
140 3.749951 4.781637 
142 -4.909064 18.969456 
196 3.293265 0.655696 
271 2.190566 3.023800 
341 -4.059229 0.373829 
362 -8.944658 2.476379 
439 -7.826734 0.182282 
511 -9.102211 -0.614495 
548 -2.937820 3.652281 
575 -2.565897 0.669374 
690 54.617174 7.228595 
691 2.349856 1.990906 
902 7.998300 2.274282 
969 -19.196801 0.820680 
1080 -4.469431 0.455843 
1100 -26.973027 -2.717372 
1144 -2.187869 0.652930 
1165 4.727917 1.179971 
1273 -37.962038 -4.305513 
1295 -4.221909 0.934481 
1453 2.099874 1.549610 
1760 3.000125 1.662300 
1831 -2.000273 0.495149 
1891 -9.490747 -0.503913 
2060 -2.916788 0.953241 
2217 -2.196775 2.531903 
2309 3.431218 0.719039 
2380 -2.620337 0.837587 
2666 2.387903 3.234576 
2732 2.223062 0.932095 
2830 -17.982916 -1.580325 
2992 -41.958042 -4.563966 
3102 -4.708781 2.331170 
3169 -2.304741 2.419276 
3399 -5.000167 -0.188868 
3468 2.403754 5.291581 
3557 11.988012 1.598188 
3577 -4.352856 3.354809 
3596 8.095566 7.301690 
3649 14.284286 3.634913 
3710 -252.857287 -27.586421 
3755 2.635369 2.853856 
3763 -3.286927 16.994826 
3798 6.091740 1.977899 
3828 -12.905890 1.890082 
3862 -8.334881 1.594319 
3911 2.000500 0.285625 
3971 -3.269878 0.874255 
3977 -14.003361 -0.737058 
4083 -13.559145 0.245460 
4102 -4.544793 0.779823 
4126 7.723073 2.679788 
4132 6.846866 2.531568 
4240 2.067890 26.961267 
4258 -11.456108 -0.494049 
4283 -5.085039 1.413711 
4304 -2.789441 1.030511 
4319 -5.262530 1.267014 
4340 3.000254 1.071881 
4388 -25.006001 -1.737263 
4456 -4.166840 0.393138 
4464 -2.945192 0.609009 
4529 57.098827 93.319654 
4530 38.546716 85.991122 
