690 3.054516 0.464536 0.464536 
1884 -4.401056 1.459645 1.924181 
1922 2.173809 15.138774 17.062956 
2178 20.021022 7.432823 24.495778 
2309 5.432762 1.716178 26.211957 
2344 3.928165 3.959614 30.171570 
2356 -3.577661 7.414334 37.585904 
2362 2.076851 1.662595 39.248499 
2382 -6.756848 5.804940 45.053439 
2430 -11.202689 0.626975 45.680414 
2477 3.285362 0.997536 46.677950 
2573 2.675257 7.184114 53.862064 
2598 4.116582 1.560406 55.422470 
2599 -5.079642 4.525384 59.947854 
2622 -2.999564 1.742549 61.690403 
2732 4.334971 1.895849 63.586252 
2874 -6.660228 -0.547541 63.038711 
2938 2.590894 5.029403 68.068114 
3061 -3.996084 0.163884 68.231997 
3102 -2.193131 1.106807 69.338805 
3399 -4.333478 0.031062 69.369867 
3557 17.982018 2.770508 72.140375 
3710 -50.571457 -4.656242 67.484133 
3778 5.994126 1.769099 69.253231 
3857 9.990010 1.616828 70.870059 
3911 4.001000 2.341325 73.211384 
