22 -3.896067 0.099848 0.099848 
196 8.115547 1.808637 1.908484 
213 -5.745035 0.777512 2.685996 
216 -5.262530 0.979231 3.665227 
236 13.801701 2.366679 6.031906 
289 2.318764 3.563708 9.595615 
315 2.333426 0.899797 10.495412 
347 4.769055 2.532837 13.028249 
359 -2.142867 1.329324 14.357573 
362 -4.290527 0.877529 15.235102 
406 -3.600252 0.846865 16.081967 
407 -19.580811 -2.028744 14.053223 
511 -24.642572 -1.986649 12.066574 
527 4.390733 6.922882 18.989456 
531 2.911928 1.149762 20.139218 
575 -7.773160 0.740972 20.880190 
641 18.153288 3.153261 24.033452 
655 -3.047273 3.040380 27.073831 
665 -2.101820 0.970276 28.044108 
750 3.454362 1.365016 29.409124 
907 3.193285 1.242758 30.651881 
928 -26.128979 -1.249358 29.402524 
1017 -2.289138 0.525607 29.928131 
1031 -16.182866 -2.075159 27.852972 
1067 -2.102483 0.031482 27.884454 
1100 -38.961039 -4.579688 23.304766 
1104 8.128178 2.878191 26.182957 
1114 10.242156 4.031935 30.214893 
1127 3.037314 2.850631 33.065523 
1132 3.709801 1.639218 34.704741 
1135 -6.999580 0.381384 35.086124 
1141 9.532523 3.314787 38.400912 
1152 2.537613 1.060504 39.461416 
1155 14.338750 3.013188 42.474604 
1165 28.003819 5.095708 47.570313 
1188 3.430934 2.293037 49.863350 
1191 12.423074 4.488081 54.351431 
1193 2.074553 3.550062 57.901492 
1199 64.335344 10.060891 67.962384 
1210 -4.486547 0.050023 68.012407 
1231 3.193820 2.034191 70.046598 
1242 2.714824 3.033144 73.079742 
1270 -5.451496 1.737963 74.817705 
1273 -37.962038 -4.730454 70.087251 
1314 -3.452363 0.909432 70.996682 
1325 8.667839 3.234939 74.231622 
1340 -2.316009 0.177216 74.408838 
1368 5.816125 3.225779 77.634617 
1388 -5.926394 1.687177 79.321794 
1391 3.461753 6.058345 85.380139 
1399 6.555377 6.552008 91.932147 
1441 2.416589 1.907194 93.839341 
1450 2.000051 1.247753 95.087095 
1453 6.849589 1.828812 96.915907 
1462 35.964934 4.912990 101.828897 
1476 4.201458 2.387349 104.216246 
1483 3.803588 1.955076 106.171322 
1535 12.001200 3.257627 109.428949 
1552 3.313049 0.770256 110.199205 
1584 8.602064 1.405484 111.604689 
1593 4.200168 1.810662 113.415351 
1596 -8.570510 -0.529442 112.885909 
1598 -6.370755 1.532242 114.418151 
1650 -19.667486 -1.128817 113.289335 
1667 2.032837 0.958566 114.247901 
1674 -3.332793 0.565696 114.813596 
1696 14.362952 5.867224 120.680820 
1757 2.404862 1.725712 122.406532 
1840 -2.374495 -0.123235 122.283297 
1873 -5.295914 1.659507 123.942805 
1889 -3.086400 0.861681 124.804485 
1891 -5.494643 -0.603086 124.201399 
1915 -3.272606 5.057711 129.259110 
1928 -3.285847 1.418771 130.677881 
1949 2.833451 1.499338 132.177220 
2077 3.480000 2.522657 134.699876 
2100 2.466292 13.985570 148.685446 
2104 -2.491738 3.053722 151.739168 
2121 3.304190 2.468782 154.207950 
2184 -2.182857 1.852841 156.060790 
2207 -2.467162 1.385805 157.446595 
2333 -6.001470 -0.070856 157.375739 
2356 -6.169353 1.754679 159.130418 
2362 6.692076 1.667399 160.797817 
2382 -3.081123 0.191394 160.989211 
2430 -4.801152 -0.447978 160.541233 
2598 3.410882 0.736944 161.278176 
2605 -2.707292 2.927646 164.205822 
2606 -13.575895 8.038752 172.244574 
2607 -2.049609 2.329252 174.573826 
2634 -3.760947 1.127315 175.701141 
2802 2.232283 0.868166 176.569308 
2830 -19.981018 -2.305092 174.264216 
2873 -3.089479 2.477447 176.741663 
2926 -30.779190 84.834904 261.576567 
2927 -180.579551 58.490142 320.066709 
2936 3.488433 1.368624 321.435333 
2941 -22.220576 -1.904318 319.531015 
2961 -13.335810 -1.276200 318.254815 
2973 3.437422 1.149096 319.403911 
2976 2.303054 0.615509 320.019420 
2992 -135.864136 -16.846088 303.173332 
3004 -4.487433 -0.019493 303.153839 
3007 7.858027 1.628476 304.782315 
3026 -5.762138 0.087327 304.869642 
3030 -5.333549 0.054000 304.923642 
3042 -3.332618 -0.218030 304.705612 
3043 -2.190847 2.091900 306.797512 
3060 3.558271 1.350049 308.147561 
3061 -37.163580 -4.123629 304.023933 
3079 -2.618773 -0.032178 303.991754 
3080 4.499831 1.323279 305.315033 
3086 5.332462 0.845172 306.160206 
3109 -3.321606 1.621928 307.782134 
3110 -6.882857 -0.332929 307.449205 
3121 5.100976 1.297284 308.746489 
3150 -4.079335 -0.115542 308.630947 
3155 -2.312241 0.976083 309.607030 
3161 -2.208000 0.324769 309.931799 
3167 -2.139673 0.299132 310.230931 
3190 4.258952 1.487281 311.718211 
3198 -3.638595 0.827776 312.545987 
3213 -2.594630 0.738495 313.284483 
3215 -9.727646 -0.087409 313.197073 
3234 -12.598482 0.133399 313.330473 
3238 -2.222422 0.212218 313.542690 
3273 7.905984 2.506172 316.048863 
3290 -6.233612 0.247045 316.295908 
3293 -2.095913 2.401230 318.697138 
3300 5.245600 1.733246 320.430384 
3309 -2.206785 0.272225 320.702609 
3312 -2.157867 0.641687 321.344296 
3313 -2.499453 -0.354996 320.989300 
3361 -6.607530 1.303026 322.292326 
3365 3.458862 2.539658 324.831984 
3394 -2.847141 0.768493 325.600477 
3401 -8.184313 0.225593 325.826070 
3449 -2.130474 0.267124 326.093193 
3452 -2.407697 0.432020 326.525214 
3481 5.483915 1.831944 328.357158 
3489 2.547759 1.698169 330.055327 
3584 2.112396 1.656251 331.711578 
3641 3.220358 2.081932 333.793510 
3649 14.284286 2.129614 335.923124 
3682 6.069326 11.389388 347.312512 
3710 -465.257409 -56.451463 290.861049 
3741 -2.056928 0.143973 291.005022 
3766 2.743048 1.190933 292.195954 
3778 3.996084 0.445688 292.641643 
3798 9.637678 1.935092 294.576735 
3847 -3.113215 2.323664 296.900399 
3857 99.900100 12.821251 309.721649 
3862 -13.335810 0.799648 310.521297 
3869 2.514904 2.038077 312.559374 
3980 -4.645934 1.238240 313.797614 
4053 -3.469145 5.305821 319.103435 
4129 12.062217 6.756421 325.859856 
4258 -20.366414 -1.381553 324.478303 
4283 -5.966446 1.176293 325.654596 
4291 3.999846 0.651723 326.306320 
4292 5.800232 2.445550 328.751869 
4294 32.743042 6.629126 335.380996 
4317 -3.960357 1.292611 336.673607 
4325 -3.768889 3.518250 340.191857 
4329 2.329583 2.196268 342.388125 
4340 6.000509 1.882865 344.270990 
4344 4.081715 5.726899 349.997890 
4370 3.755860 3.382140 353.380030 
4388 -30.007202 -2.784742 350.595287 
4390 -7.842999 0.328563 350.923850 
4401 2.493084 3.435160 354.359011 
4447 2.127795 0.488676 354.847686 
4459 -3.999820 1.125184 355.972870 
4464 -2.690669 0.058143 356.031013 
4520 3.080818 4.813623 360.844636 
