22 -7.074438 3.529658 
135 -4.752614 0.958643 
236 10.685188 4.095979 
347 2.799897 4.476268 
392 2.269762 7.660454 
407 -8.391776 -0.341101 
452 -6.297735 9.240410 
453 2.209231 13.066203 
508 2.739801 4.027373 
579 4.571755 3.688610 
588 -4.410091 9.007058 
608 2.133333 2.880666 
627 6.840000 6.377610 
638 6.039097 5.642133 
690 157.782947 22.773533 
704 -2.473652 1.365183 
752 -12.461059 1.190374 
763 3.692166 1.260537 
829 3.378146 3.239257 
928 -5.999000 1.252943 
1031 -6.068575 -0.705436 
1039 9.435851 3.007225 
1100 -4.995005 -0.385710 
1199 4.574958 2.214267 
1273 -53.946054 -5.154039 
1368 2.436796 6.695385 
1462 29.970778 6.634187 
1584 8.001920 2.667163 
1593 2.766777 3.944689 
1596 -12.998607 2.153638 
1602 2.718686 3.984135 
1643 -3.611262 2.743746 
1674 -3.777165 4.445905 
1686 -3.887723 1.185056 
1696 2.359628 2.530406 
1825 2.117608 5.667679 
1884 -9.602305 -0.022884 
1928 -4.857339 4.744716 
2006 -2.246175 10.542206 
2077 3.000000 5.412208 
2217 -3.770585 3.027917 
2264 2.114955 3.432535 
2309 6.862437 1.338827 
2333 -2.500613 0.230808 
2380 -2.068687 0.605149 
2398 6.822402 5.276883 
2430 -2.000480 -0.013643 
2454 -2.232278 1.474993 
2596 11.548944 4.958914 
2598 6.468914 3.254377 
2830 -11.988611 -1.057296 
3062 8.880206 2.894407 
3068 -3.288355 2.674905 
3080 2.692207 5.871034 
3148 -6.768970 1.096636 
3399 -8.333611 0.271233 
3649 6.570771 1.810784 
3752 -2.340570 5.028131 
3977 -3.000720 0.616911 
4083 -2.259858 1.790501 
4132 3.756688 5.218993 
4447 2.127795 4.273701 
