22 -7.074438 3.529658 3.529658 
135 -4.752614 0.958643 4.488302 
236 10.685188 4.095979 8.584281 
347 2.799897 4.476268 13.060548 
392 2.269762 7.660454 20.721003 
407 -8.391776 -0.341101 20.379902 
452 -6.297735 9.240410 29.620312 
453 2.209231 13.066203 42.686515 
508 2.739801 4.027373 46.713888 
579 4.571755 3.688610 50.402498 
588 -4.410091 9.007058 59.409555 
608 2.133333 2.880666 62.290221 
627 6.840000 6.377610 68.667831 
638 6.039097 5.642133 74.309964 
690 157.782947 22.773533 97.083497 
704 -2.473652 1.365183 98.448679 
752 -12.461059 1.190374 99.639054 
763 3.692166 1.260537 100.899591 
829 3.378146 3.239257 104.138848 
928 -5.999000 1.252943 105.391791 
1031 -6.068575 -0.705436 104.686355 
1039 9.435851 3.007225 107.693580 
1100 -4.995005 -0.385710 107.307870 
1199 4.574958 2.214267 109.522137 
1273 -53.946054 -5.154039 104.368098 
1368 2.436796 6.695385 111.063482 
1462 29.970778 6.634187 117.697669 
1584 8.001920 2.667163 120.364832 
1593 2.766777 3.944689 124.309521 
1596 -12.998607 2.153638 126.463159 
1602 2.718686 3.984135 130.447295 
1643 -3.611262 2.743746 133.191041 
1674 -3.777165 4.445905 137.636945 
1686 -3.887723 1.185056 138.822001 
1696 2.359628 2.530406 141.352407 
1825 2.117608 5.667679 147.020086 
1884 -9.602305 -0.022884 146.997202 
1928 -4.857339 4.744716 151.741918 
2006 -2.246175 10.542206 162.284124 
2077 3.000000 5.412208 167.696332 
2217 -3.770585 3.027917 170.724249 
2264 2.114955 3.432535 174.156785 
2309 6.862437 1.338827 175.495611 
2333 -2.500613 0.230808 175.726419 
2380 -2.068687 0.605149 176.331568 
2398 6.822402 5.276883 181.608452 
2430 -2.000480 -0.013643 181.594808 
2454 -2.232278 1.474993 183.069801 
2596 11.548944 4.958914 188.028715 
2598 6.468914 3.254377 191.283092 
2830 -11.988611 -1.057296 190.225796 
3062 8.880206 2.894407 193.120202 
3068 -3.288355 2.674905 195.795108 
3080 2.692207 5.871034 201.666142 
3148 -6.768970 1.096636 202.762778 
3399 -8.333611 0.271233 203.034011 
3649 6.570771 1.810784 204.844794 
3752 -2.340570 5.028131 209.872926 
3977 -3.000720 0.616911 210.489837 
4083 -2.259858 1.790501 212.280338 
4132 3.756688 5.218993 217.499331 
4447 2.127795 4.273701 221.773032 
