39 21.978571 3.182121 
75 -4.219160 4.249546 
190 2.087135 2.148634 
196 7.056997 1.641374 
216 -4.595943 1.196227 
305 9.484360 5.236444 
347 2.492216 1.574852 
424 -6.040940 1.150588 
453 3.058462 6.897099 
511 -4.662108 -0.450872 
531 3.789015 1.699393 
690 10.114291 1.206782 
749 -2.349853 0.235975 
907 9.790401 5.670558 
928 -7.065489 -0.065765 
1080 -8.233163 0.382601 
1093 -11.093733 4.429431 
1100 -61.938062 -6.683307 
1114 3.896847 2.414317 
1165 14.729281 3.332833 
1199 22.874789 4.269085 
1273 -3.996004 -0.588701 
1325 3.052921 2.025987 
1399 2.633262 4.991250 
1409 -3.154471 0.870775 
1512 -3.200000 0.165828 
1584 8.402016 1.753440 
1650 -9.500396 -0.055634 
1674 -2.355173 1.034994 
1696 7.694438 4.850627 
1743 -4.922888 0.051392 
1840 -4.748991 0.379120 
1873 -2.036890 1.167475 
1891 -18.481980 -1.369916 
2060 -7.000292 2.132075 
2077 3.560000 3.855516 
2121 2.152071 2.232449 
2309 6.862437 1.236533 
2333 -2.700662 0.103536 
2403 6.944836 4.480177 
2577 -2.017182 1.953116 
2691 4.662160 0.620178 
2802 5.255166 3.100714 
2874 -18.648640 -1.776757 
2941 -2.592401 0.245972 
2992 -115.884116 -13.551727 
3019 3.756688 1.419031 
3061 -5.394713 -0.291351 
3407 -3.250549 0.010613 
3446 -2.060627 1.810846 
3710 -30.342874 -3.607703 
3778 5.994126 0.915357 
3798 8.819384 3.048980 
3828 -6.582004 1.258806 
3857 31.968032 4.236457 
3862 -10.382881 3.659647 
3971 -3.577632 1.302868 
3977 -11.202689 -0.385684 
4108 2.695166 1.628431 
4154 2.133373 2.914836 
4180 -2.941119 1.091179 
4258 -14.729281 -0.577478 
4283 -5.729144 2.134434 
4304 -2.315762 0.823716 
4324 2.639399 5.667623 
4340 4.348195 1.945678 
4343 2.358359 2.088008 
4373 4.468810 2.930914 
4388 -6.201488 -0.444586 
4390 -3.686209 0.798601 
4464 -2.508867 0.492406 
