25 -2.804094 -0.357261 -0.357261 
67 4.474422 1.306426 0.949165 
75 -2.731479 1.750522 2.699687 
135 -6.128371 -0.429987 2.269700 
196 11.879278 2.285643 4.555343 
220 -12.273733 -0.473426 4.081917 
237 -3.500516 0.670438 4.752355 
289 3.178640 3.255770 8.008125 
305 3.757382 1.351732 9.359857 
315 9.542044 2.822631 12.182488 
362 -5.454060 0.508287 12.690775 
395 8.855095 9.590760 22.281535 
531 2.982095 1.064321 23.345856 
690 44.502883 5.677353 29.023209 
704 -3.473639 0.178358 29.201568 
750 4.302802 1.989529 31.191096 
902 3.375533 0.684149 31.875246 
928 -4.932511 -0.193763 31.681482 
969 -9.331778 -0.251290 31.430193 
1022 -3.204989 1.758239 33.188431 
1031 -46.525741 -5.543981 27.644450 
1039 12.009264 2.152428 29.796878 
1080 -2.469949 -0.020015 29.776863 
1088 -3.091009 3.018432 32.795295 
1100 -77.922078 -8.431108 24.364187 
1144 -2.375401 0.285412 24.649599 
1199 7.148372 1.295653 25.945252 
1290 -3.348117 1.331120 27.276372 
1409 -2.038865 0.858062 28.134434 
1696 4.411478 2.794804 30.929237 
2060 -5.166882 1.855996 32.785233 
2077 4.000000 4.835342 37.620575 
2178 30.698901 6.633333 44.253908 
2309 15.154548 3.322192 47.576100 
2356 -2.140963 1.708389 49.284489 
2598 3.293265 1.133493 50.417982 
2732 8.114176 3.500795 53.918777 
2992 -57.942058 -6.384831 47.533946 
3028 -2.363948 0.425736 47.959682 
3399 -2.000067 -0.098585 47.861097 
3710 -2.022858 -0.334815 47.526282 
3778 16.783552 3.643588 51.169869 
3798 3.818703 2.171800 53.341670 
3820 3.750141 2.460263 55.801932 
3828 -2.581178 1.300178 57.102111 
3862 -3.905487 3.783665 60.885776 
4050 -2.111199 0.790279 61.676055 
4116 -6.667393 2.816944 64.492999 
4180 -5.137154 2.685198 67.178197 
4255 -2.531517 1.925980 69.104177 
4291 5.692089 1.517812 70.621988 
4340 2.739363 2.373665 72.995653 
4388 -2.400576 -0.016452 72.979202 
