25 -3.605264 -0.283892 
96 -2.686926 1.923160 
132 -2.102485 4.092372 
139 -2.245342 0.725062 
196 16.231093 4.499382 
216 -2.841766 0.912501 
220 -5.803858 0.197427 
305 2.696831 2.039137 
362 -2.872471 1.210667 
407 -21.578853 -1.846910 
424 -2.000041 0.425720 
575 -2.754566 0.611066 
577 5.422813 2.342644 
641 2.461463 0.422191 
690 20.228583 2.542918 
704 -2.105235 0.157998 
749 -2.949816 0.349190 
763 12.768740 2.685647 
928 -8.665222 -0.089164 
1080 -2.352332 -0.048026 
1100 -30.969031 -3.400751 
1114 2.827801 1.760733 
1165 8.910306 2.027087 
1191 3.020679 1.721694 
1199 3.145284 0.485586 
1267 3.102449 2.424947 
1273 -95.904096 -11.257603 
1325 4.246016 2.693830 
1340 -4.210925 1.621883 
1399 2.722148 5.316989 
1409 -4.924052 1.412956 
1462 14.485876 2.161891 
1535 2.706153 0.941718 
1584 8.001920 1.528327 
1586 -2.457311 0.257403 
1650 -8.167007 -0.253540 
1674 -3.466104 1.086887 
1696 5.027033 2.451679 
1873 -2.740543 1.214162 
2060 -6.500271 1.186160 
2217 -3.803372 1.381406 
2533 -4.232027 1.261071 
2569 50.712656 98.379116 
2570 -54.069966 81.211998 
2596 13.242790 1.922315 
2605 -3.463383 0.709712 
2607 -2.376359 0.635002 
2641 -2.327065 -0.123017 
2644 2.650353 0.722635 
2659 5.473967 1.767684 
2673 2.465158 1.204956 
2691 121.216158 15.863927 
2720 8.880206 1.154858 
2721 2.363688 0.720710 
2732 6.224574 0.892259 
2750 2.119457 0.760984 
2767 2.400029 1.305784 
2818 3.577680 1.939509 
2882 -2.063476 0.374115 
2902 -2.177720 0.173395 
2936 2.790746 1.721026 
2943 2.186085 0.716189 
2952 18.400000 3.539839 
2961 -10.097113 -0.778333 
2992 -83.916084 -10.362746 
3007 2.500281 0.599996 
3030 -2.000081 0.104898 
3086 7.998694 1.556527 
3092 5.111324 1.034558 
3104 -2.476220 1.145067 
3121 3.767766 1.148537 
3124 2.362638 0.333184 
3180 -2.075847 0.149516 
3181 -2.493641 0.802596 
3197 3.443686 2.024036 
3219 2.432465 0.809833 
3220 4.999476 1.957367 
3244 2.809725 1.312157 
3250 2.987194 1.023329 
3290 -2.025924 0.113471 
3300 4.075718 1.607958 
3313 -4.998906 -0.511400 
3326 2.477865 1.039808 
3344 10.931511 1.768913 
3346 3.555299 0.943221 
3401 -3.076809 0.215059 
3440 2.418645 1.813937 
3446 -2.222245 0.413025 
3449 -2.521786 0.420267 
3452 -2.834869 0.586851 
3557 147.852148 18.914016 
3584 2.022507 1.465081 
3588 -2.844819 2.063135 
3641 4.169516 2.468333 
3692 3.609721 1.410090 
3741 -6.570743 0.631013 
3761 -3.402318 1.289471 
3778 83.917761 11.773364 
3798 9.092149 1.719961 
3809 -7.801230 2.894785 
3828 -10.066594 -0.257355 
3847 -2.547176 1.611511 
3857 95.904096 12.260728 
3862 -6.858417 0.184290 
3882 2.325029 5.543918 
3894 2.187449 0.680904 
3932 7.104658 4.453780 
3939 8.202676 6.001037 
4023 -3.100681 0.682605 
4046 2.810848 2.195252 
4053 -4.086431 2.879391 
4100 25.754346 5.435430 
4102 -12.543630 -0.121856 
4133 2.183485 1.930542 
4149 2.465882 3.421285 
4180 -17.646713 0.792336 
4197 -2.679200 2.668434 
4202 -7.053917 1.806934 
4291 7.692012 1.266289 
4292 20.000800 7.502772 
4294 56.238049 10.541188 
4317 -2.970268 0.614654 
4324 2.380901 2.683283 
4343 2.830031 1.333416 
4348 2.251438 1.548730 
4373 6.814318 2.632699 
4382 2.017822 0.848528 
4388 -4.801152 -0.576128 
4451 -2.233754 3.787887 
4456 -2.111199 -0.168467 
4459 -4.946342 1.151856 
4477 -2.247154 2.027990 
