15 -2.804876 0.515038 0.515038 
25 -6.008773 -0.740837 -0.225798 
39 61.435101 8.104355 7.878557 
46 -2.188098 1.484647 9.363204 
172 -2.996673 1.965268 11.328471 
216 -5.823867 -0.015240 11.313231 
220 -13.796056 -1.113647 10.199584 
236 2.893905 0.303596 10.503180 
347 4.953663 1.382925 11.886105 
362 -5.854024 0.095737 11.981842 
377 -3.537731 0.093842 12.075684 
424 -6.938917 -0.181038 11.894646 
506 3.625542 1.525751 13.420398 
510 2.399853 1.070268 14.490666 
575 -3.320573 -0.112158 14.378508 
579 5.257518 0.979682 15.358190 
638 2.941119 0.668423 16.026613 
652 -2.696585 0.911668 16.938281 
665 -2.216465 0.581999 17.520280 
690 216.445838 27.569063 45.089344 
750 2.696827 0.766807 45.856151 
758 2.374338 1.605074 47.461225 
763 30.460367 4.963346 52.424571 
823 4.699714 2.246303 54.670875 
875 3.186630 1.027019 55.697894 
902 26.619343 5.038248 60.736142 
907 3.614378 1.168766 61.904908 
928 -15.064156 -0.965409 60.939499 
994 2.872333 4.830638 65.770137 
1039 5.432762 0.723433 66.493570 
1067 -4.461367 0.161359 66.654929 
1093 -2.150826 0.149245 66.804174 
1100 -141.858142 -16.482591 50.321583 
1104 2.170351 0.667163 50.988746 
1114 6.517736 2.680770 53.669516 
1127 2.212364 1.967335 55.636851 
1132 3.709801 1.613422 57.250273 
1135 -2.349859 0.039671 57.289943 
1144 -7.813819 0.139678 57.429621 
1165 5.637132 0.877862 58.307483 
1188 2.706817 1.790646 60.098128 
1199 22.874789 3.541922 63.640051 
1231 2.044642 1.475566 65.115617 
1260 -2.827602 1.908845 67.024462 
1263 -5.325759 1.473149 68.497611 
1283 -4.000466 0.653589 69.151200 
1284 -2.124870 0.406674 69.557873 
1295 -2.296126 -0.093344 69.464529 
1325 5.860204 2.432869 71.897399 
1340 -3.438922 0.467379 72.364778 
1368 2.183921 1.256801 73.621578 
1388 -3.333597 1.053151 74.674729 
1391 2.116195 4.047834 78.722563 
1399 3.199913 3.379145 82.101708 
1409 -6.001189 0.593963 82.695672 
1462 26.973701 3.730981 86.426653 
1476 2.806574 1.799844 88.226497 
1515 2.462634 1.796895 90.023392 
1535 7.647824 2.024422 92.047814 
1561 8.384293 1.915353 93.963167 
1584 17.004081 2.832017 96.795184 
1596 -5.999357 -0.473744 96.321440 
1622 -3.112304 -0.224640 96.096800 
1667 6.393600 2.856724 98.953523 
1674 -5.465780 0.684998 99.638521 
1687 -2.959244 2.679639 102.318161 
1696 8.361290 2.606101 104.924262 
1777 -2.920832 1.771399 106.695661 
1811 4.844444 5.796649 112.492310 
1840 -23.869928 -0.875909 111.616401 
1873 -4.147849 0.625746 112.242146 
1915 -3.006882 2.640437 114.882583 
1924 3.870999 2.325767 117.208350 
1928 -3.142984 0.535578 117.743928 
1941 4.161658 3.794890 121.538818 
1949 4.166840 1.546978 123.085796 
2009 2.609782 11.071886 134.157683 
2060 -3.750156 0.010670 134.168353 
2077 5.120000 2.150136 136.318489 
2104 -2.704847 1.797070 138.115559 
2121 3.391142 1.913720 140.029279 
2217 -6.819840 0.967846 140.997125 
2230 2.201692 1.438691 142.435816 
2333 -15.103700 -0.589259 141.846557 
2430 -11.402737 -1.108700 140.737857 
2442 2.063825 1.652699 142.390556 
2460 2.712844 1.343452 143.734008 
2477 5.713674 0.907411 144.641419 
2496 2.816461 2.146684 146.788103 
2500 -2.101442 0.719834 147.507938 
2511 -3.560307 0.616938 148.124876 
2520 5.809929 4.366387 152.491263 
2564 -3.139193 3.205629 155.696892 
2568 -2.412928 1.220672 156.917564 
2598 14.231611 2.531485 159.449049 
2607 -2.594192 1.469395 160.918444 
2622 -4.544793 0.078328 160.996772 
2659 3.263326 1.523851 162.520623 
2666 7.283104 2.688234 165.208857 
2732 12.671454 2.276791 167.485648 
2751 -2.109528 0.612681 168.098329 
2802 3.813483 1.027660 169.125989 
2805 -43.958240 -5.264376 163.861613 
2827 -5.269424 0.153274 164.014887 
2846 -11.795636 -0.531382 163.483505 
2941 -19.924450 0.078263 163.561768 
2952 6.640000 1.487549 165.049317 
2992 -179.820180 -21.760433 143.288883 
3007 5.107717 1.770440 145.059323 
3030 -2.309617 0.427727 145.487050 
3061 -9.790405 -0.934356 144.552695 
3071 -3.512872 3.053754 147.606448 
3092 3.166799 0.774803 148.381252 
3102 -2.644658 -0.076126 148.305126 
3148 -4.153686 -0.362922 147.942204 
3208 -2.154273 0.274526 148.216730 
3234 -2.686880 0.594266 148.810996 
3244 2.181669 1.693051 150.504047 
3290 -2.259685 0.751592 151.255639 
3313 -12.622239 -0.420841 150.834798 
3319 2.192223 0.868846 151.703644 
3321 -4.074150 2.772186 154.475830 
3338 -2.147233 1.733312 156.209141 
3401 -3.999852 1.083070 157.292211 
3481 3.387124 1.856442 159.148653 
3557 11.988012 1.464731 160.613384 
3577 -2.548970 0.665135 161.278519 
3696 -2.731877 8.043489 169.322008 
3710 -111.257206 -13.095196 156.226812 
3798 3.909624 1.089144 157.315956 
3809 -4.042456 4.405461 161.721417 
3828 -6.775592 1.075034 162.796451 
3862 -6.715533 2.471636 165.268087 
3911 17.004251 3.992560 169.260646 
3977 -4.000960 -0.154185 169.106461 
4083 -6.953408 0.589925 169.696385 
4100 6.251055 2.724210 172.420595 
4126 8.274721 3.520014 175.940609 
4180 -5.137154 2.278866 178.219475 
4255 -3.012506 2.487982 180.707457 
4258 -8.910306 -0.066510 180.640947 
4304 -2.789441 1.852720 182.493668 
4325 -2.391111 5.912440 188.406108 
4390 -4.627369 2.212261 190.618369 
4456 -11.444921 2.287608 192.905977 
4464 -9.744586 3.194010 196.099987 
4481 -8.271846 85.773943 281.873930 
4482 14.862376 87.797319 369.671249 
4489 -2.463759 0.581860 370.253109 
4491 5.858645 2.271958 372.525066 
4497 2.365610 2.398670 374.923736 
4520 3.158486 2.177045 377.100781 
4523 2.422134 1.499882 378.600663 
4529 2.304230 1.091031 379.691694 
