25 -6.409358 -0.486690 
44 2.074680 3.751065 
196 11.408812 2.910046 
220 -19.885350 0.673164 
236 39.846846 7.441314 
241 2.291195 1.915171 
341 -3.176788 0.193802 
362 -4.872293 0.971756 
439 -3.043730 0.019939 
531 2.280426 1.351984 
633 2.744231 2.287967 
749 -3.249797 0.813528 
752 -4.307527 -0.035580 
763 3.538325 0.885518 
928 -5.732378 0.344588 
1017 -2.866979 3.205737 
1059 -4.281156 3.242484 
1080 -3.998965 0.378813 
1093 -3.396041 1.900793 
1100 -41.958042 -4.217307 
1114 3.965818 3.369040 
1137 -5.356588 1.283060 
1210 -4.216273 1.862060 
1325 5.053110 6.794417 
1368 2.137943 4.405763 
1462 13.986363 2.867684 
1686 -2.277095 0.970354 
1884 -4.801152 0.402394 
1891 -19.481006 1.267801 
2178 3.003153 0.940367 
2333 -10.302524 7.026935 
2422 2.312001 1.878138 
2430 -4.201008 0.278616 
2720 9.546221 2.940288 
2805 -10.989560 -1.039574 
2830 -14.985764 -1.332105 
2874 -18.648640 -1.193734 
2914 -4.991786 11.901882 
2992 -9.990010 -1.203837 
3007 3.143211 3.200113 
3226 -2.181840 9.089111 
3828 -4.452532 3.721659 
3862 -2.810046 3.281326 
3911 2.000500 0.696398 
4050 -6.944734 11.641257 
4388 -2.400576 0.890291 
4456 -3.444588 6.483237 
4464 -2.036182 4.772519 
