25 -12.818715 0.359556 
135 -2.001101 0.124034 
196 4.351815 1.644284 
407 -5.594517 -0.321255 
511 -5.772134 0.167466 
690 2.022858 0.164214 
763 5.076728 1.758747 
928 -6.132311 1.040174 
1080 -5.175131 1.300264 
1165 3.273174 1.180384 
1462 10.989285 2.317482 
1584 4.000960 1.558690 
1596 -2.856837 0.729467 
1603 3.485963 3.842414 
1650 -3.833493 0.775479 
1891 -6.493669 -0.048471 
2077 2.000000 3.246095 
2121 3.086809 6.023458 
2237 -3.019174 11.040406 
2333 -4.801176 0.482164 
2398 2.359628 1.315881 
2430 -2.000480 -0.128300 
2732 4.668430 1.635996 
2830 -17.982916 -1.900798 
2941 -5.407007 1.135187 
2992 -25.974026 -3.029313 
3313 -2.499453 0.179475 
3344 4.665889 1.631037 
3481 2.096791 2.252168 
3649 8.570572 1.874325 
3692 2.048760 2.851938 
3798 5.455289 2.029951 
3820 3.750141 1.365385 
3828 -3.871767 0.913717 
3836 3.546667 3.548429 
3857 69.930070 9.515725 
3862 -2.047999 0.706645 
4050 -2.111199 0.371710 
4132 5.332073 1.963882 
4228 24.588766 186.910350 
4229 -26.505570 149.312921 
4230 3.732349 1.111033 
4236 2.053502 1.327345 
4244 2.111025 2.569766 
4251 3.429333 1.949247 
4253 -2.251426 0.568545 
4283 -39.459901 -3.772575 
4291 236.760125 31.065453 
4294 44.615519 5.820627 
4302 3.748253 1.058656 
4315 2.459011 1.716524 
4316 -2.196639 0.029561 
4317 -14.851338 -1.390170 
4319 -4.631026 -0.606509 
4327 -2.216770 0.572116 
4339 2.218420 1.233985 
4340 21.262672 3.049866 
4344 3.449049 0.819377 
4358 2.683296 1.502643 
4370 3.859146 0.877934 
4373 7.925349 1.257460 
4382 9.782832 1.788811 
4388 -3.600864 -0.552502 
4394 -2.250000 0.193725 
4401 2.908599 0.995474 
4417 4.385560 1.321400 
4425 -7.031091 0.332686 
4437 4.306165 1.752550 
4447 27.065557 4.306523 
4451 -2.133105 0.710136 
4477 -5.797657 0.841036 
4486 3.184355 2.299102 
4489 -6.391281 0.427484 
4501 -4.462247 0.808993 
4533 3.125127 0.515077 
4548 2.656621 1.703727 
