407 -2.397650 -0.075319 -0.075319 
690 34.388591 5.033087 4.957768 
752 -9.076574 1.760017 6.717785 
969 -2.532911 0.432240 7.150025 
1199 4.574958 1.412653 8.562678 
1273 -3.996004 -0.513256 8.049422 
1295 -2.444263 1.874938 9.924361 
1314 -3.283955 11.207297 21.131657 
1593 2.566769 2.717279 23.848937 
1596 -5.570832 0.424623 24.273560 
1674 -3.243918 2.710323 26.983883 
1831 -3.818703 1.187786 28.171669 
1840 -15.996601 3.038676 31.210345 
1884 -10.402497 -0.321959 30.888386 
2060 -4.833535 1.955594 32.843979 
2178 8.675776 2.823059 35.667038 
2309 3.431218 0.719039 36.386077 
2398 2.051850 1.577077 37.963154 
2403 3.708760 4.094287 42.057441 
2477 2.856837 0.877601 42.935042 
2533 -2.511313 1.211158 44.146201 
2596 3.695662 1.100256 45.246456 
2691 27.306937 4.752094 49.998550 
2720 7.326170 1.956861 51.955411 
2732 2.667674 1.027164 52.982575 
2830 -36.964883 -3.402943 49.579632 
2846 -5.997781 1.220712 50.800344 
2874 -9.990343 -0.875823 49.924521 
2961 -3.905487 0.788730 50.713251 
2992 -41.958042 -4.587555 46.125696 
3062 11.100258 2.946907 49.072603 
3101 -36.631256 -2.819224 46.253379 
3313 -3.124317 0.373980 46.627360 
3334 2.160000 1.168383 47.795743 
3557 19.980020 2.881445 50.677187 
3778 3.596475 0.806397 51.483585 
3862 -5.381952 5.821794 57.305379 
4126 2.137636 2.884301 60.189680 
4294 2.374495 1.672176 61.861855 
4379 -2.397650 0.466365 62.328220 
