1 -4.258333 0.198744 
33 3.446819 1.298004 
71 -2.135731 1.133389 
135 -16.133874 -1.459050 
193 -3.476836 -0.133728 
196 17.760109 2.978137 
220 -4.376680 -0.411695 
289 2.299441 1.696912 
305 5.454264 1.712005 
336 4.925067 4.002691 
341 -13.177788 -0.395389 
342 -10.514098 3.002006 
347 4.984431 1.411673 
354 -4.018876 1.949505 
362 -2.799751 -0.021055 
406 -24.144547 1.204370 
508 4.767254 1.376743 
527 2.593814 2.017751 
531 12.875634 3.519345 
545 -4.604078 0.347225 
577 6.311798 1.399636 
582 4.653667 1.078366 
685 5.340366 1.687417 
690 169.920097 21.482418 
704 -4.631518 -0.338163 
712 -5.626163 0.221445 
750 2.424114 0.519364 
763 6.768970 0.914046 
782 -4.890828 3.230418 
788 -3.416806 0.325838 
818 -2.754166 -0.090063 
833 4.865352 1.214660 
857 -3.733732 -0.236195 
875 3.288331 0.697044 
898 2.612647 1.369937 
902 31.243361 4.769583 
928 -60.123313 -5.883287 
951 -3.183738 -0.240218 
956 -2.533296 0.336678 
973 2.758146 5.696855 
988 2.539283 0.586335 
1007 2.335992 0.727498 
1017 -2.044667 -0.040988 
1019 2.108595 0.495667 
1038 2.188398 0.732496 
1039 38.029337 5.137729 
1059 -7.562335 -0.149877 
1067 -5.076728 -0.380411 
1080 -19.289125 -1.903282 
1095 2.566684 1.927516 
1100 -92.907093 -11.415952 
1104 4.808818 0.859450 
1114 8.069578 1.704449 
1116 -2.193479 0.193950 
1127 2.749832 1.037177 
1132 6.955877 1.631410 
1135 -7.999520 -0.539312 
1144 -4.688291 -0.438945 
1165 35.823067 5.128336 
1188 2.706817 0.785057 
1193 2.472072 1.669730 
1199 71.769651 9.748444 
1210 -8.216327 -0.623235 
1221 -2.471231 0.264980 
1270 -2.048404 0.093256 
1273 -5.994006 -0.863125 
1289 -2.034218 0.579157 
1295 -5.629213 -0.536419 
1325 11.720409 2.611991 
1391 3.210990 2.550305 
1399 3.633234 1.720323 
1409 -2.885187 -0.189376 
1441 2.190406 0.989305 
1444 2.658207 1.183785 
1453 2.299862 0.363881 
1462 31.968830 4.155666 
1535 5.765282 1.073477 
1562 2.588030 0.666788 
1584 27.806674 4.082266 
1593 3.133459 0.775021 
1596 -16.141128 -1.522120 
1601 -3.977771 1.388901 
1602 3.749912 0.991469 
1665 4.913905 4.053620 
1696 7.078883 1.600624 
1760 7.083628 1.278473 
1798 -2.892552 -0.005440 
1825 6.450860 2.726797 
1854 -2.046376 2.394480 
1873 -5.258879 0.124771 
1891 -33.467369 -3.877100 
1914 -3.343368 0.195701 
1928 -5.714517 0.056236 
1949 5.444671 1.267557 
2060 -11.000458 -0.212418 
2077 7.400000 2.692645 
2100 2.497380 5.190827 
2116 3.982970 5.641928 
2178 11.011562 1.475058 
2181 3.634723 2.058418 
2210 4.126379 1.455081 
2309 14.296743 2.046673 
2333 -11.802892 -0.601261 
2344 11.570230 2.533482 
2352 3.826411 1.013780 
2356 -2.366327 0.207090 
2368 2.862286 1.428975 
2380 -2.413469 -0.168702 
2382 -3.513561 -0.093643 
2398 10.259251 2.717242 
2454 -2.836853 0.012812 
2480 2.461444 0.884719 
2520 2.078167 1.815586 
2546 2.259439 4.527891 
2584 2.486520 1.045272 
2659 2.147479 1.332645 
2727 -2.067383 0.590121 
2732 13.227219 2.810615 
2734 -2.017517 2.088548 
2815 3.266133 0.799693 
2821 -4.735585 1.855189 
2823 2.313682 1.921498 
2827 -2.927458 0.092945 
2830 -12.987662 -1.623149 
2875 -6.706553 0.326382 
2961 -6.858417 -0.148244 
2992 -289.710290 -34.896288 
3026 -2.571533 0.539222 
3121 2.347608 0.955193 
3148 -5.384408 -0.447927 
3180 -2.683412 0.598874 
3190 2.518337 1.489128 
3219 3.648698 1.667319 
3240 -4.478133 0.674609 
3313 -7.623332 -0.529541 
3346 2.036890 0.639375 
3365 3.404449 4.602435 
3401 -3.692171 0.641647 
3440 2.907026 2.796548 
3460 -2.744890 4.114231 
3481 2.741958 1.038729 
3498 -3.666609 1.422604 
3553 2.022102 3.698084 
3584 2.112396 1.904605 
3636 2.881775 7.917337 
3641 3.983074 3.029620 
3700 -2.886684 1.130984 
3741 -2.714003 0.434902 
3751 7.390610 13.668190 
3755 4.706015 2.075160 
3778 35.964755 5.125773 
3785 4.137870 3.647503 
3790 2.179663 3.007470 
3798 12.274401 2.419274 
3809 -3.191412 0.938837 
3847 -2.452836 1.391442 
3857 469.530470 60.313963 
3939 2.359674 1.677160 
3971 -3.846916 0.122953 
3974 26.389988 6.592709 
3980 -7.473894 1.585526 
3994 4.096402 4.802639 
4090 -2.008465 3.741189 
4102 -11.952807 0.646171 
4110 -2.127681 2.013850 
4111 3.043412 1.886391 
4129 8.406053 2.840526 
4202 -5.217717 1.306591 
4212 3.195713 2.593913 
4255 -8.708420 1.224289 
4283 -4.237532 0.249826 
4292 7.300292 2.367963 
4331 -4.198601 6.044473 
4340 4.348195 1.230269 
4379 -59.941258 -5.543007 
4390 -2.431330 -0.051050 
4422 3.731778 1.171556 
4467 10.053972 84.000958 
4468 -20.886065 55.777444 
4472 2.133324 0.518592 
4489 -3.985493 -0.116131 
4496 6.860130 2.598998 
4514 2.964875 0.736387 
4518 11.363572 1.922730 
4520 4.530615 1.313137 
4533 3.125127 0.452771 
4535 -4.391884 -0.124940 
4548 2.975897 1.445918 
