25 -32.046788 -2.854892 
135 -12.631948 -0.969266 
196 7.292230 1.274591 
362 -5.854024 0.724146 
377 -3.134698 0.482143 
407 -15.584727 -1.721705 
424 -2.408212 0.111314 
511 -16.650386 -1.527377 
531 3.473264 1.195634 
548 -2.576242 1.518407 
579 5.314665 1.308352 
597 3.058092 4.443423 
661 3.366307 1.765790 
763 9.538095 1.672646 
813 2.060119 0.458534 
902 2.999363 0.478908 
969 -15.197467 -0.820611 
1080 -3.175649 -0.172708 
1093 -2.339495 0.367230 
1100 -2.997003 -0.459812 
1165 7.455562 1.352140 
1273 -59.940060 -7.201734 
1283 -2.657026 0.790886 
1295 -3.184949 0.067849 
1325 3.228376 1.581270 
1462 6.993182 0.943276 
1512 -4.400000 0.158750 
1535 4.059229 1.377809 
1584 10.802593 1.984015 
1596 -2.713995 -0.198748 
1650 -9.833743 -0.466202 
1667 2.032837 1.049077 
1696 4.770552 1.879327 
1743 -3.384485 -0.244444 
1873 -2.185027 0.467309 
1889 -2.999459 0.504979 
1891 -7.992208 -0.892987 
2060 -7.666986 0.263812 
2077 9.480000 4.617404 
2096 15.691704 3.255225 
2309 15.154548 2.484185 
2333 -4.701152 -0.080419 
2362 2.230692 0.556296 
2422 2.312001 0.708139 
2598 4.939898 1.054849 
2688 2.844125 2.586024 
2720 6.438149 1.132556 
2732 2.445368 0.524216 
2792 2.064286 3.607002 
2805 -20.980069 -2.443735 
2830 -79.924072 -8.952425 
2846 -6.997411 0.042607 
2874 -41.959439 -4.477845 
2938 2.477259 1.693329 
2941 -5.703281 0.204016 
2992 -103.896104 -12.438488 
3068 -2.221862 0.306205 
3102 -3.483208 0.278161 
3124 7.542266 2.140740 
3176 4.408244 2.137955 
3407 -2.250380 -0.088793 
3556 2.442754 2.712567 
3641 2.966119 3.071926 
3649 7.999200 1.336565 
3692 5.243851 4.254666 
3710 -64.731466 -7.737208 
3755 2.094177 1.363510 
3820 5.416870 1.539113 
3828 -2.129472 0.139427 
3857 81.918082 10.749438 
3862 -4.095999 0.667089 
3939 2.146180 3.643663 
3951 7.013333 90.433648 
3952 -139.044810 66.725695 
3971 -2.231211 -0.199307 
3974 8.111449 1.404860 
3977 -4.000960 -0.554761 
3994 2.184748 1.190094 
4028 2.808078 1.483571 
4033 2.013885 1.205099 
4050 -10.444880 -0.713888 
4083 -58.582461 -4.957952 
4108 7.042208 1.389346 
4126 15.584057 2.722565 
4138 2.098990 1.786028 
4151 2.429966 1.074470 
4182 -6.507023 2.912727 
4258 -72.737191 -6.923993 
4283 -16.543326 0.212326 
4292 3.800152 0.888820 
4294 12.497344 1.883471 
4298 2.075984 2.862121 
4318 -2.200028 2.158198 
4319 -10.946063 -0.299551 
4324 3.142790 2.137276 
4329 5.230574 2.436081 
4340 17.392779 3.426120 
4388 -25.206049 -2.808197 
4390 -2.431330 -0.202352 
4394 -2.100000 1.112254 
4425 -3.312425 1.098085 
4439 3.139018 1.123385 
4447 10.128306 2.094936 
4456 -9.000375 -0.606689 
4459 -8.213371 1.004712 
4518 2.863620 0.739587 
4533 2.875117 0.810372 
