39 9.490747 1.502298 
149 -3.880546 2.952672 
196 3.646115 1.001000 
216 -3.789022 1.738744 
220 -2.283485 0.090311 
236 3.339121 0.608142 
763 7.384331 2.025836 
928 -2.399600 0.008665 
969 -5.065822 0.092834 
1031 -4.045717 -0.579598 
1080 -3.058032 0.176687 
1114 3.172654 2.578752 
1142 51.681777 99.313596 
1143 -48.449274 83.854362 
1144 -3.875654 -0.306253 
1165 31.640678 4.700063 
1188 2.861985 1.099476 
1199 33.168444 4.628550 
1270 -2.677441 0.523698 
1295 -2.222058 -0.234708 
1325 3.649469 0.939805 
1388 -2.666877 0.149887 
1409 -3.308348 -0.044383 
1444 3.428341 1.997407 
1462 57.943505 7.812314 
1471 13.435381 3.128213 
1476 2.554487 1.087601 
1512 -6.880000 -0.442267 
1515 3.374216 1.883397 
1535 3.647424 0.727382 
1561 14.307142 2.819174 
1584 2.800672 0.314019 
1596 -14.284184 -1.256813 
1643 -4.222398 -0.110079 
1686 -2.443711 -0.259921 
1696 5.437403 1.378167 
1730 3.533475 1.118821 
1825 5.450879 2.492859 
1891 -67.933765 -7.497300 
1914 -7.104658 0.910148 
1936 2.644784 2.172257 
2027 3.824831 2.866936 
2060 -17.000708 -0.429614 
2077 12.560000 4.255910 
2100 4.766783 9.634999 
2111 8.816506 2.810341 
2121 2.608571 1.189505 
2131 -2.285656 0.957337 
2202 -2.793629 0.816806 
2217 -6.623114 0.550172 
2309 4.574958 0.552531 
2404 -4.968523 -0.113313 
2422 12.747251 3.118382 
2430 -14.003361 -1.301193 
2691 31.969097 4.356048 
2732 7.113799 1.434180 
2815 4.665905 1.197434 
2846 -6.197707 -0.269346 
2875 -2.941471 0.016071 
2941 -4.888527 -0.083562 
2992 -191.808192 -23.114419 
3007 2.786028 1.029172 
3028 -10.183161 -0.290858 
3062 10.212237 1.629930 
3068 -2.221862 0.124061 
3095 4.478931 3.245413 
3102 -9.030539 0.248507 
3136 -2.756961 3.155203 
3150 -4.079335 0.357691 
3173 -2.959498 3.379900 
3176 4.571513 1.360957 
3399 -34.001133 -3.413284 
3407 -2.750464 -0.268832 
3449 -6.043590 1.545768 
3498 -2.222187 0.754752 
3562 2.363626 0.638950 
3641 4.169516 2.298103 
3649 25.711715 3.789257 
3778 34.366321 4.931617 
3798 4.546074 0.910558 
3820 12.167123 2.660041 
3836 2.666667 1.102329 
3857 303.696304 39.153562 
3862 -3.810231 0.080127 
3974 3.777935 0.984341 
3977 -12.803073 -1.138557 
4028 3.787641 4.018373 
4046 2.733627 2.797249 
4092 3.208713 5.477772 
4100 3.125527 0.613842 
4102 -12.452734 0.251788 
4139 -2.315034 2.392293 
4154 2.577826 1.441016 
4164 -2.379240 2.451459 
4168 -6.266928 0.344950 
4185 2.134127 2.744042 
4258 -6.910033 -0.632614 
4283 -13.560103 1.487221 
4286 -2.383024 2.240894 
4294 26.494370 4.762005 
4298 2.307453 4.617821 
4329 3.164717 2.202767 
4334 2.282827 7.665286 
4340 10.870487 2.778247 
4373 7.406868 3.236106 
4388 -15.203649 -1.435566 
4441 2.258082 2.441826 
4447 12.766772 3.448560 
4449 2.234926 2.223311 
4459 -2.686902 0.599296 
4477 -2.325804 2.197601 
4514 2.298216 1.735629 
4533 4.666856 1.885401 
