65 8.950136 20.704068 
67 3.712818 1.283378 
86 -2.639407 1.489460 
139 -5.718606 1.045274 
193 -2.143255 0.166869 
196 15.054927 3.335574 
213 -3.574689 0.444094 
268 -2.557322 1.781901 
341 -11.295247 0.728556 
348 -7.031089 6.916327 
362 -8.290171 1.232364 
424 -5.102145 0.634662 
439 -6.609242 -0.048812 
508 2.219239 1.216440 
511 -12.876299 -0.970933 
577 4.444928 1.817250 
690 26.297158 3.368293 
752 -7.538172 -0.295339 
818 -3.573858 1.473958 
902 5.498831 1.334802 
928 -9.465089 0.042357 
951 -3.387824 0.859067 
969 -20.396601 -0.154649 
1036 -3.732724 0.396792 
1039 4.574958 0.725883 
1088 -3.173656 3.133560 
1093 -5.697801 1.863261 
1100 -51.948052 -5.651713 
1104 2.893802 1.558826 
1295 -17.924598 3.392960 
1409 -2.769779 1.292762 
1521 -2.603631 1.416323 
1584 8.001920 1.956408 
1596 -6.285041 0.270809 
1647 -2.783818 2.247100 
1650 -2.833451 -0.047629 
1743 -8.307373 0.265216 
1760 2.500104 1.008025 
1914 -2.358269 1.734046 
2060 -3.750156 0.482798 
2096 5.384408 1.535105 
2111 4.734791 3.318879 
2267 4.633398 3.833296 
2333 -9.002206 0.422465 
2344 6.142221 2.176027 
2352 18.914647 10.006832 
2404 -10.118820 1.325671 
2422 2.874380 0.993417 
2430 -3.200768 -0.263694 
2454 -2.418301 0.390174 
2598 7.527463 1.866907 
2720 7.992185 1.506820 
2732 9.670320 2.597887 
2750 2.492601 2.850061 
2830 -14.985764 -1.723570 
2840 3.750152 3.637635 
2875 -4.176888 0.568410 
2992 -51.948052 -6.181493 
3028 -2.091185 -0.008416 
3061 -13.986293 -0.755171 
3068 -3.332793 0.688835 
3086 6.465611 2.283608 
3107 3.226046 2.983382 
3110 -7.626949 1.646923 
3124 9.541421 2.622004 
3148 -5.230568 -0.307856 
3176 3.795988 1.604742 
3313 -9.372950 -0.373970 
3334 5.920000 1.554486 
3468 3.384485 2.931621 
3470 2.472579 4.365211 
3498 -3.036989 1.851405 
3514 -2.376803 2.255431 
3556 2.137409 1.945148 
3577 -2.156820 0.319077 
3649 15.427029 2.637080 
3692 6.707252 5.033636 
3710 -194.194397 -23.040384 
3798 6.364504 1.487232 
3828 -10.647359 0.339828 
3857 247.752248 32.230935 
3862 -10.239997 0.967595 
3911 9.802451 1.656349 
3952 -5.068629 3.093956 
3974 6.944734 2.019017 
4040 -2.264422 5.899562 
4083 -35.810050 -0.592323 
4100 5.063354 1.304893 
4108 4.607864 1.507036 
4126 10.343401 2.839923 
4129 4.281150 1.915931 
4146 -2.103583 3.762102 
4163 5.941559 34.676426 
4168 -2.000083 0.111382 
4182 -3.849418 4.660825 
4258 -38.550711 -1.802069 
4283 -4.881637 1.445005 
4291 43.229107 9.370710 
4294 2.374495 0.435765 
4319 -3.087351 0.648340 
4340 4.043821 1.547518 
4348 2.993933 3.257665 
4373 4.616948 2.801002 
4388 -2.400576 -0.263106 
4390 -3.686209 0.670653 
4464 -3.636040 0.694604 
4518 13.363560 7.178581 
4535 -2.577397 1.874141 
