25 -155.627216 -17.160340 -17.160340 
31 -2.712336 0.203589 -16.956751 
33 3.321805 0.851960 -16.104792 
44 2.865744 1.440759 -14.664032 
69 -4.388572 0.008289 -14.655743 
129 4.764757 2.482404 -12.173339 
134 2.030976 2.668472 -9.504867 
139 -2.140092 -0.213625 -9.718491 
196 14.231611 2.040408 -7.678083 
216 -2.420764 -0.188353 -7.866436 
220 -8.753360 -0.900186 -8.766622 
236 3.561729 0.377030 -8.389593 
247 -9.220540 0.026144 -8.363449 
268 -3.085930 0.290352 -8.073096 
315 3.958490 0.700081 -7.373015 
328 2.186233 0.969058 -6.403958 
334 -2.424386 0.293806 -6.110152 
342 -2.657095 0.256798 -5.853353 
354 -4.056611 1.049027 -4.804326 
362 -6.872115 -0.243217 -5.047544 
424 -4.938876 -0.223535 -5.271079 
506 5.467087 2.068481 -3.202598 
527 2.539125 1.558924 -1.643674 
531 5.718606 1.264352 -0.379321 
545 -3.929744 0.087544 -0.291778 
548 -2.858725 0.565784 0.274006 
561 2.116614 0.533075 0.807081 
579 16.686906 3.239483 4.046564 
665 -2.407539 0.591609 4.638173 
671 -3.626667 0.844015 5.482188 
676 4.189152 1.414552 6.896740 
685 3.031018 0.985836 7.882576 
690 125.417215 15.866899 23.749475 
694 3.948569 1.560476 25.309952 
719 -2.331852 3.764794 29.074746 
750 5.484558 1.460199 30.534944 
757 6.516744 2.183193 32.718137 
758 3.508031 1.966674 34.684811 
813 13.996692 3.062180 37.746991 
829 3.422595 0.777224 38.524215 
857 -9.778821 0.153922 38.678137 
928 -10.531578 -0.786431 37.891706 
969 -21.196467 -1.320400 36.571306 
1029 2.187124 3.141652 39.712958 
1031 -663.497522 -79.983236 -40.270277 
1039 39.173076 6.057194 -34.213084 
1059 -2.499945 0.324721 -33.888362 
1080 -8.821246 -0.494315 -34.382677 
1100 -12.987013 -1.626828 -36.009505 
1104 2.553354 0.748973 -35.260532 
1130 -3.999947 0.829195 -34.431337 
1132 2.260660 0.896097 -33.535240 
1135 -2.349859 0.020142 -33.515098 
1165 12.547166 2.139028 -31.376070 
1199 6.576502 0.937987 -30.438082 
1210 -4.270328 0.133960 -30.304122 
1295 -2.147989 -0.079373 -30.383495 
1325 5.053110 2.211470 -28.172025 
1368 3.379330 2.000949 -26.171076 
1409 -3.731508 0.493499 -25.677577 
1462 22.478084 3.179966 -22.497611 
1512 -3.600000 -0.079154 -22.576765 
1535 5.118159 1.482122 -21.094643 
1584 24.605905 4.474742 -16.619901 
1596 -17.426704 -0.792407 -17.412308 
1602 2.499941 1.196026 -16.216282 
1603 2.571612 0.756509 -15.459773 
1612 -2.585221 1.948793 -13.510980 
1674 -3.332793 0.322256 -13.188724 
1696 5.386107 1.690245 -11.498478 
1760 7.333639 1.750482 -9.747997 
1831 -4.091467 -0.128627 -9.876624 
1884 -14.803553 -1.556202 -11.432825 
1890 -2.694553 0.655215 -10.777610 
1915 -6.041734 3.909755 -6.867855 
1928 -5.476412 0.381707 -6.486148 
1936 2.032768 1.982851 -4.503297 
2060 -11.833826 -0.147115 -4.650412 
2077 10.360000 4.183013 -0.467399 
2100 2.554374 5.665348 5.197949 
2131 -4.077819 1.627421 6.825371 
2196 2.443275 2.060890 8.886261 
2217 -2.000049 0.115731 9.001992 
2230 3.318043 2.038346 11.040337 
2309 54.899494 8.236419 19.276757 
2333 -21.205195 -1.129432 18.147325 
2356 -3.972049 0.495395 18.642720 
2368 3.276111 1.812564 20.455284 
2398 4.616663 1.273935 21.729219 
2442 2.085102 1.939721 23.668940 
2460 6.930624 3.997142 27.666082 
2478 2.339492 1.323283 28.989365 
2480 10.830353 4.465505 33.454871 
2502 6.000000 1.946486 35.401357 
2522 3.083916 1.658051 37.059408 
2540 2.588242 2.370369 39.429777 
2596 16.938452 3.095774 42.525552 
2603 -3.823923 0.037089 42.562641 
2629 -2.515022 1.343893 43.906534 
2642 -2.178399 2.091670 45.998204 
2701 2.654329 2.901076 48.899281 
2720 8.214191 1.332749 50.232030 
2846 -7.097374 0.069760 50.301790 
3062 4.662108 0.801325 51.103115 
3101 -17.316594 -1.867101 49.236014 
3148 -9.230414 -0.262742 48.973272 
3190 2.222062 2.307860 51.281132 
3399 -23.000767 -1.773555 49.507577 
3498 -2.481442 2.230108 51.737685 
3556 2.625960 2.943292 54.680977 
3596 22.619963 10.546233 65.227210 
3603 -2.127212 14.038027 79.265237 
3638 -2.480662 1.705810 80.971048 
3692 3.658501 2.187501 83.158548 
3710 -44.502883 -5.377293 77.781255 
3741 -3.428214 1.246595 79.027850 
3761 -2.011506 2.414768 81.442618 
3980 -2.120970 2.293579 83.736196 
4083 -16.514344 3.477886 87.214082 
4100 3.438080 1.884065 89.098147 
4102 -9.771306 4.968011 94.066158 
4108 2.912518 2.091365 96.157524 
4168 -3.533481 3.013105 99.170628 
4180 -3.921492 3.173975 102.344603 
4291 14.460982 6.684429 109.029032 
4370 2.234737 9.303458 118.332490 
4388 -12.402977 0.058533 118.391024 
4447 5.319488 3.858146 122.249170 
