25 -8.211990 -0.956670 
39 8.491721 1.016427 
67 5.188426 1.059712 
69 -2.073924 0.164067 
75 -4.950806 1.323350 
86 -5.213239 0.803931 
96 -3.332622 0.250216 
135 -11.006053 -1.092697 
196 13.290678 2.109095 
213 -2.127791 -0.140317 
216 -4.104773 -0.056984 
220 -6.469875 -0.595029 
271 2.071514 1.133060 
315 2.291757 0.457993 
321 2.595343 1.382767 
347 4.153693 1.166804 
354 -2.952836 1.430657 
362 -8.108369 0.246851 
424 -2.979653 -0.109042 
531 3.718848 0.890613 
548 -2.090372 0.549414 
577 5.778407 1.299585 
676 2.926091 1.066293 
704 -2.736806 -0.156957 
750 2.727128 0.791779 
763 15.076343 2.399169 
771 2.102483 0.412350 
923 2.223937 1.342793 
928 -9.545076 -0.750082 
969 -41.993001 -2.757621 
1059 -2.406197 0.294821 
1080 -4.234198 -0.300127 
1093 -10.339057 1.256049 
1100 -90.909091 -10.636636 
1114 4.172730 1.533988 
1165 32.368050 5.711017 
1199 37.743402 5.975624 
1210 -3.135178 0.064128 
1325 4.982928 2.055360 
1340 -5.790022 0.960028 
1388 -2.889117 0.821875 
1399 2.988808 3.130968 
1409 -4.808645 0.405961 
1450 2.059754 1.430338 
1462 21.479058 2.946919 
1512 -5.440000 -0.151368 
1566 3.094198 3.843659 
1593 9.367041 3.876659 
1594 -6.888834 1.118450 
1602 2.062452 0.761465 
1606 3.000239 1.756393 
1643 -2.500104 0.020124 
1650 -5.333556 -0.482598 
1686 -5.553889 -0.290323 
1696 10.259251 3.380907 
1757 3.023936 1.594710 
1825 3.431309 2.286308 
1840 -2.249522 -0.198954 
1873 -4.481158 0.725207 
1889 -5.259920 0.674839 
1891 -5.994156 -0.732403 
2060 -12.250510 0.612696 
2077 7.560000 3.403227 
2111 8.000163 3.887124 
2131 -2.246696 1.847812 
2217 -3.311557 0.645364 
2309 10.007720 1.487784 
2333 -3.900956 -0.189045 
2356 -3.887537 0.695305 
2403 3.236075 1.188638 
2422 2.124542 0.469890 
2539 4.985761 4.719843 
2680 -3.068571 5.761050 
2720 7.992185 1.232273 
2802 2.604330 0.827622 
2936 3.290755 3.626580 
2992 -101.898102 -12.343202 
3086 3.799379 0.964050 
3092 3.333472 0.920243 
3101 -23.310800 -2.640241 
3102 -7.417943 0.250530 
3148 -4.307527 -0.368223 
3176 8.367501 3.005076 
3180 -2.227738 0.455223 
3209 2.900121 1.116366 
3219 3.378424 1.579530 
3220 2.356896 1.167459 
3300 9.906258 6.676720 
3376 13.168652 87.378162 
3377 -30.133480 71.844071 
3394 -7.459039 -0.017663 
3399 -78.669289 -9.605272 
3407 -8.751477 -1.114639 
3430 2.046510 0.799964 
3446 -5.131365 -0.305523 
3460 -2.522014 0.389025 
3463 -3.402316 0.010200 
3465 -4.503784 -0.108711 
3468 2.807584 0.496604 
3481 13.161396 2.274798 
3482 4.043285 0.712566 
3489 4.305713 0.972190 
3498 -8.814676 -0.513461 
3504 3.027876 1.464278 
3553 2.320445 0.918596 
3562 5.454521 0.769997 
3576 2.366860 0.905586 
3584 6.067521 1.593767 
3588 -3.965505 0.206988 
3589 2.367585 0.825954 
3638 -3.100828 -0.121856 
3639 -3.034457 0.338525 
3641 11.864477 2.648094 
3648 2.080948 0.469702 
3671 -2.198949 0.356419 
3682 2.774549 1.218540 
3761 -5.057500 0.344383 
3776 2.405037 1.110082 
3777 -3.137193 -0.325455 
3778 31.968671 4.061587 
3798 9.092149 1.287494 
3809 -2.269449 0.021348 
3836 4.266667 0.826797 
3852 2.222269 1.081817 
3857 719.280719 90.826545 
3862 -5.715347 -0.497724 
3919 4.000228 1.122995 
3939 13.259120 4.968583 
3966 3.130479 1.680298 
3977 -56.013443 -6.381324 
3980 -6.867903 -0.064527 
3994 8.032161 3.880574 
4023 -9.922181 0.523200 
4028 2.285645 0.974975 
4033 4.444437 2.343334 
4046 3.552170 1.783537 
4048 -2.564086 1.157961 
4058 -3.481736 2.005404 
4100 8.626456 1.467809 
4110 -2.774496 0.888181 
4111 3.895567 1.273373 
4123 -2.550912 0.541348 
4126 6.068129 0.991847 
4139 -3.260225 1.585776 
4182 -2.150742 0.944248 
4192 -2.051572 1.608133 
4255 -4.759253 0.098297 
4257 3.266688 2.852521 
4260 -2.511071 3.443015 
4279 2.066148 3.280051 
4291 49.844237 7.499232 
4292 17.934051 4.375340 
4294 31.243361 4.785171 
4317 -2.257403 0.025919 
4325 -2.666667 0.723716 
4340 15.740465 3.251907 
4343 6.829809 2.053230 
4344 3.265372 1.996126 
4379 -75.126376 -8.108584 
4382 2.702440 0.787457 
4384 3.199949 2.175837 
4388 -20.004801 -2.261216 
4390 -3.921499 -0.252103 
4447 7.404728 1.523193 
4459 -6.869920 0.919946 
4475 -3.692437 0.705343 
4477 -3.932519 2.221570 
4518 8.545406 2.760615 
