39 11.488798 1.630203 1.630203 
135 -7.379058 -0.208499 1.421704 
196 9.762179 2.334042 3.755746 
220 -4.566970 0.035875 3.791621 
236 13.133876 2.428571 6.220192 
247 -2.831095 1.176553 7.396746 
305 2.302912 1.428534 8.825280 
424 -3.551093 1.120352 9.945631 
577 2.800305 1.443693 11.389324 
763 2.307604 0.570865 11.960190 
902 2.749416 0.811454 12.771643 
907 3.474013 2.940984 15.712627 
1080 -4.939898 0.551046 16.263673 
1100 -73.926074 -7.208128 9.055545 
1155 2.778828 0.891004 9.946549 
1165 5.273446 1.314335 11.260884 
1199 3.145284 0.598228 11.859112 
1273 -59.940060 -6.610246 5.248866 
1409 -2.038865 1.571943 6.820809 
1584 11.602785 3.554370 10.375179 
2060 -4.416851 2.692554 13.067733 
2246 9.106326 212.025179 225.092912 
2333 -7.201764 -0.144529 224.948383 
2356 -2.225474 0.616696 225.565079 
2398 2.462220 0.836763 226.401842 
2422 7.810816 2.468325 228.870168 
2430 -2.800672 -0.295845 228.574323 
2496 23.312727 29.419049 257.993372 
2533 -3.115888 0.170197 258.163569 
2547 2.474463 1.643256 259.806825 
2640 2.133566 0.639357 260.446182 
2659 2.694876 1.622422 262.068604 
2789 -2.216246 1.589331 263.657936 
2815 3.466101 0.906059 264.563995 
2830 -10.989560 -1.366102 263.197893 
2992 -57.942058 -6.975459 256.222434 
3028 -4.546054 -0.009007 256.213427 
3061 -11.189035 -0.698640 255.514787 
3086 5.399118 1.838301 257.353088 
3092 2.722336 1.039076 258.392165 
3213 -4.681144 8.121508 266.513673 
3221 -4.688325 7.314252 273.827925 
3234 -2.448046 0.897911 274.725836 
3313 -3.124317 -0.095915 274.629921 
3407 -4.375738 0.141212 274.771133 
3562 7.272694 4.534457 279.305590 
3564 -4.000074 1.300858 280.606447 
3641 2.169504 2.578288 283.184736 
3764 2.786954 1.734435 284.919171 
3777 -6.470461 1.935244 286.854416 
3862 -5.477208 1.308700 288.163116 
3977 -22.005281 -0.913416 287.249700 
4083 -4.867385 0.677144 287.926844 
4102 -8.226076 3.956337 291.883181 
4180 -3.450913 3.062262 294.945442 
4291 9.691935 4.109135 299.054577 
4320 2.096000 5.860750 304.915327 
4388 -10.002401 -0.051576 304.863751 
