25 -4.406433 -0.338005 -0.338005 
67 2.998815 1.209337 0.871332 
69 -2.203545 1.394008 2.265341 
135 -4.377408 -0.148639 2.116702 
139 -2.701427 0.706906 2.823607 
196 2.705182 0.615313 3.438920 
216 -2.841766 0.880413 4.319333 
341 -3.765082 0.602502 4.921835 
362 -6.872115 2.562138 7.483972 
579 6.571898 2.557887 10.041859 
752 -5.230568 -0.219240 9.822620 
771 5.204928 2.315559 12.138179 
813 4.180830 1.731384 13.869563 
928 -5.332445 0.018861 13.888425 
951 -2.938835 1.012733 14.901158 
969 -9.598400 0.085563 14.986721 
1080 -8.233163 0.343676 15.330398 
1093 -2.339495 0.838358 16.168756 
1100 -28.971029 -3.150893 13.017863 
1199 5.718697 1.093345 14.111208 
1409 -2.308149 1.178360 15.289568 
1462 20.979545 3.597879 18.887447 
1584 3.000720 0.655158 19.542605 
1686 -2.665867 0.167286 19.709891 
1696 2.975183 1.854734 21.564625 
1743 -3.692166 0.011011 21.575636 
1760 4.000167 1.579215 23.154851 
1884 -21.605185 -1.182528 21.972323 
1891 -3.996104 -0.397011 21.575312 
1922 2.086857 1.843518 23.418830 
2060 -4.583524 1.109932 24.528762 
2167 2.080173 14.590231 39.118994 
2178 23.024175 4.479344 43.598338 
2225 2.170235 6.456240 50.054578 
2309 15.726418 2.697852 52.752430 
2333 -12.102965 0.315517 53.067947 
2362 4.230623 1.369700 54.437646 
2380 -3.378856 0.381540 54.819186 
2404 -6.240949 0.996392 55.815578 
2422 4.061624 1.598789 57.414367 
2433 2.000160 2.070533 59.484901 
2477 6.427883 1.486805 60.971706 
2596 5.543493 1.309104 62.280810 
2650 -2.559260 6.133720 68.414530 
2732 9.670320 3.486060 71.900590 
2874 -43.957508 -3.305364 68.595226 
2900 -8.522468 9.037992 77.633219 
2941 -2.444263 0.549255 78.182473 
2992 -79.920080 -8.972450 69.210023 
3041 2.075193 11.382235 80.592258 
3101 -42.625462 -3.247562 77.344696 
3102 -7.095424 2.688654 80.033350 
3121 3.246076 3.464955 83.498304 
3125 -4.801698 31.305022 114.803327 
3148 -6.153609 -0.078691 114.724635 
3346 2.555371 1.677731 116.402366 
3361 -2.000037 2.245341 118.647707 
3468 2.307604 2.088297 120.736004 
3577 -2.392110 0.485694 121.221698 
3596 6.143106 2.793266 124.014964 
3641 2.118657 2.421178 126.436142 
3710 -54.617174 -6.512680 119.923463 
3766 7.238598 6.401689 126.325152 
3828 -14.196479 1.470953 127.796105 
3829 4.227071 10.253402 138.049506 
3857 183.816184 24.120182 162.169689 
3862 -6.667905 0.891929 163.061617 
3932 2.283640 2.384939 165.446556 
3974 11.778269 3.828632 169.275189 
3977 -3.800912 -0.380442 168.894747 
4050 -15.278414 0.955736 169.850483 
4083 -26.075279 -0.450791 169.399692 
4100 3.125527 0.757650 170.157342 
4102 -5.680992 0.430821 170.588163 
4108 2.173521 0.655201 171.243364 
4182 -2.911037 5.096947 176.340311 
4258 -36.368596 -1.647796 174.692515 
4283 -9.966676 2.839914 177.532429 
4292 8.767017 4.143679 181.676108 
4294 12.497344 2.605680 184.281787 
4325 -3.217778 4.396276 188.678064 
4329 2.472435 3.174906 191.852970 
4456 -2.055641 0.117751 191.970721 
4533 2.604272 1.556661 193.527383 
4537 8.660330 88.986768 282.514150 
4538 -25.860329 70.766884 353.281034 
