1 -2.940837 0.984014 0.984014 
22 -8.868679 0.690754 1.674768 
69 -2.592405 1.163937 2.838705 
196 5.410364 1.169497 4.008202 
220 -2.568921 -0.112900 3.895302 
362 -3.599679 0.817755 4.713057 
424 -2.367395 0.508671 5.221728 
508 3.589139 2.110712 7.332439 
511 -5.772134 -0.496540 6.835900 
531 2.315509 1.134230 7.970130 
577 2.444711 0.993842 8.963972 
638 2.039176 0.924940 9.888912 
690 62.708607 8.146592 18.035503 
752 -2.922965 -0.224502 17.811002 
763 3.076805 0.542773 18.353775 
813 3.756688 1.232950 19.586725 
907 11.720409 6.867133 26.453858 
928 -8.531911 -0.115358 26.338500 
1100 -3.996004 -0.550450 25.788050 
1165 13.820066 3.174702 28.962752 
1188 2.293036 2.723845 31.686597 
1199 13.153004 2.417435 34.104032 
1273 -45.954046 -5.409593 28.694438 
1325 4.842564 3.321988 32.016427 
2992 -4.281433 0.336193 32.352619 
4247 2.126634 22.060112 54.412732 
4255 -14.104168 6.039984 60.452716 
4304 -2.390949 0.948177 61.400893 
4312 -6.716588 6.930735 68.331628 
4320 2.057143 2.068342 70.399970 
4343 3.590097 3.727173 74.127143 
