22 -4.101123 2.047586 2.047586 
25 -11.817253 0.514930 2.562516 
39 2.997078 0.432984 2.995500 
196 6.351297 5.579315 8.574815 
213 -2.936351 4.610462 13.185277 
236 7.123458 3.142016 16.327293 
305 5.575470 20.370467 36.697760 
336 2.096898 20.802291 57.500051 
347 2.953737 6.444014 63.944065 
362 -2.945192 4.643329 68.587393 
406 -2.000140 3.407447 71.994841 
511 -7.104165 0.090038 72.084879 
575 -2.867768 1.570861 73.655740 
704 -3.894686 1.416014 75.071754 
749 -3.149803 1.207530 76.279285 
750 2.242305 2.145826 78.425111 
752 -17.845467 0.723180 79.148290 
802 -2.460405 3.858498 83.006788 
902 6.373646 2.122382 85.129170 
928 -6.265622 0.809570 85.938740 
1080 -11.996895 3.350619 89.289359 
1114 3.172654 4.092338 93.381696 
1127 2.462349 9.737602 103.119298 
1132 4.550303 6.982575 110.101873 
1135 -2.549847 1.555594 111.657467 
1141 4.255591 4.304892 115.962358 
1191 6.849708 6.792947 122.755306 
1210 -3.135178 1.220560 123.975865 
1221 -2.585875 5.247217 129.223082 
1300 -3.055683 0.873559 130.096640 
1325 8.702579 7.398067 137.494708 
1340 -2.561646 1.138846 138.633554 
1368 2.942546 3.473766 142.107320 
1388 -2.395251 2.097495 144.204815 
1399 2.722148 5.673276 149.878091 
1441 4.571282 6.362568 156.240658 
1453 4.649721 1.691324 157.931982 
1462 42.458603 6.294185 164.226166 
1483 2.696441 2.191475 166.417641 
1515 2.149702 2.426030 168.843671 
1535 2.882641 0.980010 169.823680 
1584 35.408498 7.464915 177.288595 
1593 3.966825 2.710381 179.998976 
1596 -16.569653 0.021643 180.020619 
1614 2.974248 2.636511 182.657130 
1622 -6.224608 0.334023 182.991153 
1650 -11.667153 -0.290491 182.700662 
1667 3.442708 2.192152 184.892814 
1674 -7.243269 2.096542 186.989356 
1696 3.795923 1.596897 188.586252 
1743 -2.615284 -0.092278 188.493974 
1804 -2.137213 2.156129 190.650103 
1821 -2.230859 4.618582 195.268685 
1825 2.098000 3.320127 198.588812 
1828 -5.101250 0.647719 199.236531 
1840 -15.746654 1.321402 200.557933 
1873 -6.332876 3.027247 203.585180 
1914 -5.134459 3.140622 206.725802 
1931 -5.274727 4.544175 211.269977 
1938 2.465948 2.856501 214.126478 
1945 -2.080735 4.888315 219.014794 
1949 3.777935 1.931906 220.946700 
1955 2.357153 5.073101 226.019801 
2027 2.306578 4.801959 230.821760 
2060 -7.333639 2.723882 233.545642 
2116 2.192617 7.118352 240.663994 
2174 -2.433993 5.698182 246.362176 
2181 10.933365 11.589628 257.951805 
2185 2.371799 4.397403 262.349207 
2196 3.459504 4.199141 266.548349 
2333 -11.502818 0.861106 267.409455 
2344 8.570541 2.697712 270.107167 
2380 -3.447812 0.285740 270.392907 
2382 -3.459506 0.532910 270.925817 
2398 2.564813 1.162693 272.088510 
2404 -7.876926 1.012381 273.100891 
2422 5.061409 1.525923 274.626814 
2520 2.335145 4.974786 279.601600 
2533 -5.487683 1.648212 281.249812 
2732 6.780339 2.839648 284.089460 
2830 -2.997153 -0.397349 283.692111 
2874 -8.658297 -0.828058 282.864053 
2875 -2.882641 0.938043 283.802096 
2941 -2.296126 0.448673 284.250769 
2961 -8.096742 1.462473 285.713242 
2992 -115.884116 -13.046828 272.666414 
3007 2.428845 1.771971 274.438385 
3028 -13.729082 1.789101 276.227486 
3079 -8.094390 7.010283 283.237769 
3086 2.932854 1.248183 284.485952 
3110 -2.557818 1.049807 285.535760 
3215 -6.903490 3.829075 289.364834 
3216 3.416448 12.753588 302.118422 
3219 2.324356 2.132024 304.250446 
3234 -2.746588 1.264141 305.514587 
3273 4.976119 4.820299 310.334886 
3401 -3.446027 1.811421 312.146307 
3577 -5.725378 4.618840 316.765147 
3710 -194.194397 -21.706095 295.059052 
3741 -3.056824 1.847293 296.906346 
3828 -2.581178 0.543004 297.449350 
3857 57.942058 8.029373 305.478724 
3862 -3.048185 1.423371 306.902095 
3911 25.006252 6.537657 313.439752 
3977 -2.400576 -0.003652 313.436100 
4129 2.156199 2.324266 315.760366 
4180 -2.431325 1.457246 317.217612 
4291 28.768124 8.296855 325.514466 
4294 9.373008 2.853930 328.368396 
4304 -2.315762 1.459203 329.827599 
4313 -2.416410 6.893793 336.721392 
4373 2.147992 1.793051 338.514443 
4379 -19.980419 -0.580658 337.933785 
4388 -13.803313 -0.469874 337.463912 
4441 2.541955 8.467081 345.930993 
4447 2.681022 1.380665 347.311657 
4514 2.298216 6.744938 354.056595 
4533 2.854283 3.645377 357.701971 
