22 -21.018258 2.546216 2.546216 
25 -33.548982 -2.366682 0.179534 
35 -2.244719 2.597340 2.776874 
39 64.936687 9.295825 12.072699 
135 -11.006053 -0.198047 11.874651 
196 11.173579 3.051411 14.926062 
220 -5.328132 0.121735 15.047797 
237 -5.316573 2.719646 17.767443 
341 -9.824512 1.998474 19.765917 
347 2.892201 2.036096 21.802014 
362 -3.963283 1.372285 23.174299 
406 -2.685902 1.094254 24.268553 
407 -37.563188 -3.292005 20.976548 
511 -11.322263 -0.686057 20.290491 
531 5.578272 3.187806 23.478297 
575 -16.791534 4.827529 28.305826 
627 4.440000 2.491409 30.797235 
638 3.294053 1.752217 32.549453 
665 -2.445754 3.104355 35.653808 
676 2.041948 1.932206 37.586014 
691 3.124809 2.490980 40.076994 
712 -9.845786 7.354996 47.431990 
749 -7.199550 1.539730 48.971719 
750 5.454256 3.672682 52.644401 
752 -56.613207 -1.094886 51.549516 
763 4.615207 0.937407 52.486923 
797 2.546667 3.095120 55.582043 
810 -2.834502 2.507534 58.089577 
813 5.998582 2.113736 60.203313 
857 -2.489154 0.494649 60.697962 
907 3.544195 1.851682 62.549645 
928 -12.797867 -0.118652 62.430992 
1003 -2.131836 2.595213 65.026206 
1022 -2.506157 1.040337 66.066543 
1039 47.179253 8.103200 74.169743 
1067 -15.127623 3.330325 77.500067 
1080 -10.703112 0.109350 77.609417 
1093 -4.829924 1.696448 79.305865 
1104 9.958082 5.664281 84.970147 
1109 24.568293 176.733148 261.703294 
1132 6.231306 2.406263 264.109558 
1135 -8.549487 0.147107 264.256665 
1141 5.234377 1.542246 265.798910 
1144 -5.000844 -0.104519 265.694391 
1152 11.553601 4.525056 270.219447 
1159 -3.000000 3.671876 273.891323 
1162 3.482336 3.997949 277.889271 
1165 58.917125 9.613415 287.502686 
1167 3.846894 2.566052 290.068738 
1188 4.637795 2.721680 292.790418 
1191 7.147522 2.209692 295.000110 
1193 2.236045 3.143960 298.144070 
1197 -2.449658 1.609994 299.754064 
1231 2.895332 1.683559 301.437624 
1247 4.674402 3.977267 305.414891 
1255 2.066667 4.205013 309.619904 
1270 -4.032291 1.457686 311.077590 
1273 -167.832168 -20.397554 290.680036 
1275 -2.091401 1.294408 291.974444 
1283 -3.283964 0.471286 292.445729 
1284 -2.499847 0.465314 292.911043 
1295 -10.814014 -0.074985 292.836058 
1325 4.386380 1.780141 294.616199 
1340 -4.386380 0.662132 295.278331 
1368 6.160955 4.083858 299.362189 
1388 -4.913969 1.764738 301.126927 
1391 2.226286 4.580783 305.707710 
1399 8.855314 11.034358 316.742068 
1409 -15.464602 1.553277 318.295345 
1422 2.049355 1.937419 320.232764 
1433 -2.315034 2.914616 323.147381 
1441 9.297320 8.446320 331.593700 
1450 2.417972 1.675111 333.268812 
1453 16.748995 4.993089 338.261901 
1462 76.425485 10.681702 348.943603 
1466 2.289929 5.345525 354.289127 
1476 2.268787 1.316241 355.605368 
1478 2.951700 3.848950 359.454317 
1483 2.982156 1.557421 361.011739 
1515 2.027251 1.115940 362.127679 
1535 21.472736 5.474063 367.601743 
1547 2.417311 4.148657 371.750400 
1549 -3.907045 0.645611 372.396011 
1551 -9.092121 0.932072 373.328083 
1562 7.028854 2.640557 375.968640 
1587 -7.303782 4.869728 380.838368 
1591 -3.320893 2.552930 383.391298 
1593 10.933771 4.019585 387.410883 
1596 -45.566546 -3.202416 384.208467 
1598 -17.912392 2.596183 386.804650 
1618 -3.627334 0.444264 387.248914 
1650 -49.668736 -3.834972 383.413941 
1651 -18.545329 3.030743 386.444684 
1667 14.131495 5.853395 392.298079 
1668 3.512970 2.176787 394.474866 
1674 -16.752838 1.666783 396.141649 
1675 -12.410727 0.989673 397.131322 
1696 6.206847 1.868279 398.999601 
1733 -2.360000 0.868999 399.868600 
1741 2.770000 3.461590 403.330190 
1743 -23.999077 -1.443049 401.887141 
1804 -2.490147 1.827396 403.714537 
1826 -4.242206 1.801699 405.516236 
1830 2.920000 7.610776 413.127012 
1831 -51.916170 2.194173 415.321185 
1891 -173.830515 -16.137053 399.184132 
1923 2.320000 5.008495 404.192627 
1971 2.342835 10.851657 415.044284 
1980 -2.220045 8.202104 423.246388 
2060 -16.917372 2.954157 426.200545 
2077 3.840000 3.173640 429.374184 
2093 -2.356047 4.256361 433.630545 
2100 4.844502 15.238538 448.869083 
2116 2.906492 5.078485 453.947568 
2121 10.695141 5.525660 459.473228 
2131 -2.922004 1.318153 460.791381 
2181 2.058217 1.807829 462.599210 
2264 2.413807 1.359777 463.958988 
2267 4.810632 2.200599 466.159587 
2304 4.101650 7.299294 473.458881 
2309 115.803620 17.759113 491.217994 
2321 2.022928 3.228420 494.446414 
2335 -3.373975 5.427674 499.874088 
2352 8.087642 2.422889 502.296977 
2368 3.000228 1.643507 503.940484 
2370 2.156989 3.734777 507.675260 
2382 -9.729861 0.152741 507.828001 
2384 5.160053 4.384341 512.212341 
2395 4.806784 3.251671 515.464012 
2398 45.038113 11.770618 527.234631 
2422 8.873087 1.724393 528.959023 
2430 -65.615748 -6.652016 522.307008 
2434 2.322599 0.531256 522.838264 
2442 4.265948 2.355143 525.193407 
2454 -4.650579 -0.248753 524.944654 
2456 -3.444025 1.074617 526.019271 
2465 2.372896 1.593337 527.612608 
2477 77.991644 12.219292 539.831900 
2480 11.384178 3.024350 542.856250 
2484 -2.772253 0.208689 543.064940 
2501 -4.025616 1.225731 544.290671 
2502 2.320000 0.495748 544.786419 
2511 -2.329583 0.209745 544.996164 
2520 2.882619 1.757147 546.753311 
2521 2.494241 3.911659 550.664970 
2525 3.854867 1.702946 552.367916 
2531 3.160938 1.802860 554.170776 
2533 -15.392951 -0.150841 554.019935 
2534 2.622417 1.188916 555.208851 
2547 4.915029 2.259495 557.468347 
2548 -7.076651 1.178279 558.646625 
2566 -3.200048 0.928609 559.575234 
2569 4.702230 2.626218 562.201452 
2595 5.197302 4.979323 567.180775 
2598 22.817624 3.738920 570.919695 
2605 -5.182879 1.502140 572.421835 
2634 -6.387640 0.401493 572.823328 
2659 15.011301 5.982779 578.806107 
2715 2.527058 1.936555 580.742662 
2721 4.781923 1.648436 582.391098 
2760 -2.399954 1.254259 583.645357 
2805 -14.985764 -1.901537 581.743819 
2818 3.699899 2.666936 584.410755 
2821 -4.905387 1.023182 585.433937 
2823 3.137195 1.931843 587.365781 
2827 -2.341966 -0.099445 587.266336 
2873 -4.666739 1.433807 588.700143 
2874 -5.994206 -0.809203 587.890940 
2896 -2.491052 2.249655 590.140595 
2901 6.557538 3.733578 593.874172 
2927 -4.610778 1.128550 595.002722 
2941 -11.184357 -0.401598 594.601124 
2943 6.093130 2.572940 597.174064 
2952 14.560000 3.204083 600.378147 
2958 -3.620584 1.208388 601.586535 
2961 -16.669762 -0.768304 600.818231 
2992 -329.670330 -40.022804 560.795427 
3004 -2.560763 0.391279 561.186706 
3007 7.500844 2.460513 563.647219 
3026 -3.047742 0.521051 564.168270 
3030 -2.500101 0.399452 564.567722 
3055 2.752821 2.164094 566.731816 
3061 -17.982377 -1.668850 565.062966 
3062 5.550129 0.762303 565.825269 
3074 2.580666 1.450583 567.275852 
3089 -2.024709 0.974841 568.250692 
3092 9.667069 2.514581 570.765274 
3097 2.499943 1.506414 572.271688 
3161 -4.528000 2.242819 574.514507 
3176 6.163379 2.038872 576.553380 
3278 3.220258 5.222269 581.775648 
3290 -3.870034 0.876524 582.652172 
3297 2.929003 3.442638 586.094810 
3312 -4.622748 4.287275 590.382085 
3316 2.373760 2.324537 592.706622 
3344 10.664889 2.073459 594.780082 
3368 8.807009 4.238677 599.018759 
3401 -8.830443 2.000937 601.019696 
3498 -6.092497 5.147758 606.167454 
3557 41.958042 5.558458 611.725912 
3649 76.278086 15.168471 626.894383 
3692 6.243842 4.525532 631.419916 
3710 -465.257409 -55.249870 576.170045 
3778 13.187077 2.051918 578.221963 
3798 3.364095 0.907486 579.129449 
3820 3.333458 0.944466 580.073914 
3862 -27.624178 6.255306 586.329220 
4102 -3.408595 1.384756 587.713976 
4132 2.666037 1.159006 588.872982 
4212 2.304392 5.461204 594.334186 
4283 -2.542519 1.015552 595.349738 
4291 3.846006 0.813255 596.162993 
4294 7.873327 2.011128 598.174121 
4304 -2.289447 1.112675 599.286796 
4365 2.405470 12.292557 611.579353 
4373 2.172681 1.280958 612.860311 
4388 -28.806914 -1.831620 611.028691 
4390 -2.196040 0.322000 611.350691 
4459 -2.106775 1.424325 612.775016 
4475 -2.520798 2.044500 614.819516 
4518 3.681797 2.059694 616.879210 
4520 2.220002 3.786235 620.665444 
