22 -2.204354 0.363092 0.363092 
193 -2.619534 0.475236 0.838327 
196 11.055962 2.849012 3.687340 
220 -6.565020 0.157220 3.844560 
236 77.912827 14.979230 18.823790 
247 -5.298564 2.464231 21.288021 
268 -3.228797 3.016925 24.304946 
295 22.918261 100.575598 124.880544 
296 -13.450238 95.358271 220.238815 
305 6.666323 1.355304 221.594119 
341 -4.706353 -0.490432 221.103687 
354 -2.018872 0.276332 221.380019 
362 -3.054273 -0.228013 221.152006 
373 2.653440 1.634220 222.786227 
377 -4.239306 -0.161889 222.624338 
432 -5.176723 0.422815 223.047153 
515 -2.881258 0.441982 223.489135 
531 2.315509 0.453518 223.942653 
575 -2.943235 -0.162244 223.780409 
577 6.667393 1.355274 225.135682 
579 8.114865 1.504593 226.640275 
648 3.660315 3.513492 230.153768 
685 2.762969 0.968314 231.122082 
690 396.480227 50.530232 281.652314 
691 2.849825 0.858546 282.510860 
752 -22.152994 -2.122342 280.388518 
763 16.307065 2.508457 282.896976 
797 2.213333 1.036571 283.933547 
802 -3.251763 0.678054 284.611600 
829 2.666957 0.530165 285.141765 
875 2.305221 0.603664 285.745429 
907 2.316009 0.608908 286.354337 
928 -17.599733 -1.393916 284.960421 
969 -6.132311 -0.576551 284.383871 
1017 -2.044667 0.341344 284.725215 
1050 30.968900 92.089475 376.814690 
1051 120.367107 86.359657 463.174348 
1059 -3.874915 -0.470129 462.704219 
1061 -11.164271 -1.214711 461.489508 
1067 -16.409625 -1.808904 459.680604 
1074 -6.267440 -0.551225 459.129380 
1080 -62.572040 -7.258690 451.870690 
1090 -4.879286 0.312642 452.183332 
1093 -23.847752 -2.303862 449.879470 
1104 19.235270 2.849973 452.729443 
1107 -8.678762 -0.634387 452.095056 
1114 26.760651 4.186182 456.281238 
1115 9.689008 1.496692 457.777930 
1116 -9.444863 -0.447871 457.330059 
1119 -3.887779 0.668975 457.999034 
1130 -11.263010 -1.046870 456.952164 
1132 8.231121 1.239148 458.191312 
1137 -8.284856 -1.021899 457.169413 
1140 -3.285849 -0.196048 456.973365 
1141 20.767283 3.061263 460.034628 
1144 -24.504135 -2.711593 457.323034 
1150 2.921282 1.013468 458.336502 
1151 2.057117 0.880934 459.217437 
1152 22.569825 3.593381 462.810817 
1162 3.773122 0.998784 463.809601 
1167 2.870465 0.546407 464.356007 
1173 55.427582 12.012193 476.368200 
1179 3.984697 0.889627 477.257827 
1184 3.282270 1.628296 478.886123 
1188 3.861956 0.538570 479.424693 
1191 4.254477 0.489986 479.914679 
1193 5.490733 1.290807 481.205485 
1207 -4.147275 -0.014288 481.191197 
1209 3.181164 1.087888 482.279085 
1210 -34.595062 -3.927068 478.352017 
1219 -2.832677 0.158012 478.510030 
1238 2.183607 0.547161 479.057191 
1240 -6.152487 0.285909 479.343099 
1242 5.961966 1.282591 480.625690 
1263 -13.752593 -1.286369 479.339321 
1270 -4.387132 -0.428806 478.910515 
1275 -2.030487 -0.197330 478.713185 
1279 2.756026 0.491576 479.204760 
1283 -6.926179 -0.771036 478.433724 
1313 -3.457901 -0.071617 478.362107 
1314 -3.536567 -0.400158 477.961949 
1325 14.036417 2.062917 480.024866 
1361 -2.744789 0.824481 480.849347 
1368 13.149501 2.170650 483.019997 
1382 -3.111121 0.102723 483.122720 
1388 -4.543569 -0.442136 482.680583 
1391 7.070293 2.393813 485.074397 
1399 5.022086 1.137019 486.211416 
1403 2.865716 1.337413 487.548829 
1409 -26.312904 -2.538879 485.009950 
1430 2.279278 1.696407 486.706357 
1444 6.757311 1.580220 488.286578 
1452 2.051499 1.480115 489.766693 
1462 277.729214 35.460691 525.227384 
1471 10.666256 1.546349 526.773733 
1476 15.730260 3.413230 530.186963 
1487 -2.156822 -0.001303 530.185660 
1497 -4.015900 4.342499 534.528159 
1519 -4.940961 -0.142612 534.385546 
1521 -7.093951 -0.753215 533.632331 
1531 -4.377369 0.012887 533.645218 
1535 35.532965 5.216754 538.861972 
1538 -2.030693 -0.190337 538.671635 
1540 3.361105 1.005134 539.676770 
1545 3.191481 0.699186 540.375956 
1547 3.741077 1.444249 541.820205 
1551 -15.032307 -1.337997 540.482207 
1554 2.648088 0.705177 541.187385 
1556 -5.807742 1.196811 542.384195 
1562 7.764089 1.162075 543.546271 
1566 3.372228 0.757561 544.303832 
1593 4.933531 0.698793 545.002624 
1595 3.076808 0.481662 545.484287 
1596 -53.137164 -6.255910 539.228377 
1601 -6.806408 -0.107079 539.121298 
1602 3.249924 0.421568 539.542866 
1612 -5.659976 -0.257859 539.285007 
1614 2.666568 0.351775 539.636782 
1646 2.198740 1.038865 540.675647 
1650 -48.002000 -5.657539 535.018108 
1665 4.275960 1.303843 536.321951 
1674 -13.153422 -1.247967 535.073984 
1682 4.569072 2.288012 537.361996 
1696 17.235542 2.578523 539.940519 
1716 3.818942 1.870392 541.810910 
1741 2.080000 0.487555 542.298465 
1777 -2.302133 -0.063952 542.234513 
1792 -2.784427 0.128070 542.362582 
1795 4.911852 1.609095 543.971677 
1798 -3.999579 -0.392108 543.579569 
1811 3.946667 1.311808 544.891377 
1830 2.293333 0.885074 545.776451 
1831 -40.005455 -4.221082 541.555369 
1873 -2.962749 -0.300747 541.254622 
1878 2.291765 1.313200 542.567822 
1884 -100.824198 -12.056198 530.511625 
1890 -11.222674 -0.487262 530.024363 
1901 2.435901 1.092857 531.117220 
1914 -5.970301 -0.319670 530.797550 
1915 -7.999704 0.425121 531.222671 
1917 -2.966870 0.093434 531.316105 
1923 7.616000 2.093748 533.409853 
1928 -7.047904 -0.612594 532.797259 
1933 -8.407606 2.404223 535.201482 
1934 -3.536872 0.643776 535.845258 
1936 2.754073 0.791314 536.636572 
1943 3.707315 1.873210 538.509782 
1949 35.557037 5.749496 544.259278 
1963 3.281253 2.596290 546.855568 
2008 2.054080 0.659336 547.514904 
2009 2.195143 1.378918 548.893822 
2025 -5.408000 1.438070 550.331892 
2027 8.583973 2.701187 553.033078 
2045 5.067832 2.339212 555.372290 
2050 4.709714 2.818027 558.190317 
2060 -47.335306 -4.552695 553.637622 
2068 2.057303 3.965509 557.603131 
2075 -8.046652 0.621418 558.224548 
2077 42.240000 8.106374 566.330923 
2093 -2.303017 0.297545 566.628468 
2100 9.575015 6.651205 573.279672 
2111 15.510521 2.738920 576.018592 
2116 2.447572 1.095006 577.113598 
2131 -3.324591 0.123010 577.236608 
2145 -2.123336 0.633741 577.870349 
2168 -3.266689 1.101914 578.972262 
2174 -4.011690 1.379161 580.351424 
2181 5.021465 1.406743 581.758166 
2184 -24.228571 2.320906 584.079072 
2185 2.468456 0.931267 585.010340 
2188 -3.661013 1.146584 586.156924 
2202 -2.857120 -0.080205 586.076719 
2210 3.341607 0.598443 586.675162 
2211 -4.258950 0.023084 586.698246 
2217 -20.590670 -1.194969 585.503277 
2223 2.179048 1.462685 586.965962 
2225 4.119191 1.480430 588.446391 
2228 -2.301891 0.133346 588.579737 
2240 5.031294 2.542047 591.121785 
2243 2.716615 1.515568 592.637352 
2249 -2.674552 0.531345 593.168698 
2264 6.344864 1.410075 594.578773 
2273 2.398939 2.542855 597.121627 
2293 2.385487 8.285595 605.407222 
2304 2.350257 1.263560 606.670782 
2307 3.179070 2.128738 608.799520 
2309 114.373946 15.156170 623.955690 
2333 -33.608234 -3.424330 620.531360 
2335 -2.725773 0.830881 621.362241 
2345 4.893808 4.099127 625.461367 
2352 6.435328 1.067505 626.528872 
2357 2.982581 2.318033 628.846905 
2368 3.310596 0.856597 629.703502 
2375 -2.822857 2.504098 632.207601 
2395 2.011598 0.687065 632.894665 
2428 -4.958019 0.293545 633.188210 
2483 4.558560 1.797233 634.985444 
2494 -31.483726 65.672827 700.658270 
2495 -249.065134 9.148106 709.806377 
2499 3.676143 -0.044163 709.762214 
2500 -6.260847 -1.010958 708.751256 
2502 60.480000 7.095015 715.846271 
2510 -3.218724 -0.655338 715.190933 
2518 -3.235281 -0.805621 714.385312 
2520 13.049995 1.253279 715.638591 
2525 2.580664 0.165879 715.804469 
2534 2.133371 0.123686 715.928156 
2535 -9.372326 -1.437527 714.490628 
2540 5.475950 0.510537 715.001166 
2543 -2.874246 -0.562960 714.438206 
2544 5.212752 0.279430 714.717636 
2556 3.692171 0.301670 715.019306 
2557 2.850328 0.102869 715.122175 
2558 3.184375 0.225950 715.348125 
2565 2.403479 0.115846 715.463972 
2566 -2.700041 -0.486526 714.977446 
2568 -2.434666 -0.454838 714.522608 
2569 8.856858 0.893206 715.415814 
2571 -3.212549 -0.579271 714.836543 
2573 7.895904 0.776833 715.613375 
2576 6.868755 0.538682 716.152058 
2586 -4.012408 -0.700062 715.451996 
2593 -7.505455 -1.147371 714.304625 
2595 2.368391 0.129518 714.434143 
2597 2.030994 0.038973 714.473116 
2600 2.277832 0.049769 714.522884 
2605 -7.804807 -1.132942 713.389942 
2607 -9.743071 -1.395378 711.994564 
2615 4.571410 0.399311 712.393875 
2620 7.351179 0.720542 713.114418 
2629 -3.393765 -0.548219 712.566199 
2647 -2.380244 -0.409819 712.156380 
2650 -6.748863 -0.908170 711.248209 
2657 3.841377 0.393985 711.642194 
2659 3.873884 0.365435 712.007629 
2661 -2.456612 -0.390574 711.617055 
2665 4.023821 0.373241 711.990297 
2678 -2.933253 -0.489256 711.501041 
2680 -3.611429 -0.574931 710.926109 
2685 -2.992827 -0.543526 710.382584 
2686 4.359839 0.226689 710.609273 
2691 628.725565 78.379622 788.988895 
2701 2.469143 0.178616 789.167511 
2712 -3.371667 -0.534260 788.633252 
2715 10.108230 1.156754 789.790005 
2727 -5.572946 -0.821280 788.968725 
2729 -8.326876 -1.130082 787.838643 
2731 2.119844 0.134737 787.973380 
2732 7.113799 0.762973 788.736353 
2736 6.290173 0.629125 789.365477 
2740 -3.963426 -0.630448 788.735030 
2747 5.454514 0.508159 789.243188 
2750 5.492677 0.534836 789.778024 
2751 -3.250236 -0.547701 789.230323 
2752 3.038580 0.211376 789.441699 
2756 -6.416520 -0.963619 788.478080 
2764 6.117634 0.572277 789.050358 
2784 -17.777939 -2.433661 786.616696 
2789 -8.864985 -1.251531 785.365166 
2790 -2.604647 -0.508568 784.856597 
2797 2.624000 0.149865 785.006462 
2798 3.247911 0.213191 785.219653 
2799 -7.226151 -1.084144 784.135509 
2800 2.876849 0.102173 784.237682 
2809 2.005333 0.064992 784.302674 
2815 112.514956 13.745058 798.047733 
2816 5.232502 0.237781 798.285513 
2817 2.607738 0.115970 798.401483 
2818 11.999673 1.175430 799.576913 
2824 2.578217 0.081664 799.658577 
2825 -2.086976 -0.411181 799.247397 
2830 -399.620361 -50.132005 749.115392 
2831 2.980527 0.015073 749.130465 
2836 -2.983562 -0.629291 748.501173 
2839 3.200000 0.145458 748.646632 
2840 2.833448 0.204682 748.851314 
2841 -2.468079 -0.517817 748.333497 
2843 -4.660063 -0.800332 747.533165 
2844 2.464401 0.075873 747.609038 
2854 2.197209 0.096279 747.705316 
2862 14.284218 1.565632 749.270948 
2863 2.403358 0.027615 749.298563 
2873 -5.203332 -0.809040 748.489523 
2874 -106.563655 -13.463740 735.025783 
2875 -18.825412 -2.515954 732.509829 
2879 6.198313 0.412962 732.922792 
2883 2.099053 0.119371 733.042163 
2884 2.254003 0.106336 733.148498 
2888 -7.272801 -1.027917 732.120581 
2890 6.364242 0.648645 732.769227 
2891 -5.841223 -0.871286 731.897941 
2893 2.067186 0.109941 732.007882 
2899 -12.356319 -1.750280 730.257601 
2900 -3.246654 -0.541770 729.715831 
2902 -20.443899 -2.748187 726.967644 
2906 -2.377865 -0.510940 726.456704 
2907 8.533333 0.825369 727.282073 
2914 -12.992319 -1.832948 725.449125 
2918 -5.183086 -0.853033 724.596092 
2919 3.475250 0.180133 724.776225 
2921 3.647098 0.059812 724.836038 
2932 2.579092 -0.073249 724.762789 
2936 9.116438 0.831965 725.594754 
2938 57.817853 6.533214 732.127968 
2960 2.758664 0.135982 732.263950 
2961 -9.906602 -1.379657 730.884294 
2969 2.382979 0.048323 730.932616 
2989 3.107328 0.060389 730.993005 
2990 2.668581 -0.052413 730.940592 
2992 -591.408591 -74.101585 656.839007 
2995 -3.044855 -0.579927 656.259080 
3001 2.439450 -0.027147 656.231933 
3002 -4.923103 -0.882744 655.349189 
3005 2.797002 -0.083463 655.265726 
3006 3.816017 0.124246 655.389971 
3007 60.006751 7.007337 662.397308 
3016 -2.006229 -0.439327 661.957981 
3026 -4.571614 -0.734536 661.223445 
3028 -13.820004 -1.880403 659.343042 
3034 -16.549499 -2.277446 657.065596 
3035 23.815739 2.562016 659.627612 
3047 2.776581 -0.112573 659.515040 
3055 12.893556 1.214379 660.729419 
3057 5.122900 0.213473 660.942892 
3062 142.083296 17.464058 678.406950 
3068 -4.265975 -0.688145 677.718806 
3071 -6.837706 -1.143931 676.574875 
3074 3.225832 0.228062 676.802937 
3078 3.825904 0.312574 677.115511 
3082 3.139929 0.094651 677.210162 
3089 -17.191393 -2.561916 674.648246 
3097 13.749688 1.384614 676.032860 
3104 -2.133359 -0.444288 675.588573 
3108 2.530233 -0.136436 675.452137 
3110 -2.604324 -0.464466 674.987671 
3117 -6.684444 -1.095355 673.892316 
3125 -3.274269 -0.691265 673.201052 
3137 -2.189587 -0.423379 672.777672 
3139 -17.289222 -2.497846 670.279826 
3163 2.543216 0.027468 670.307294 
3165 2.031730 0.062231 670.369526 
3171 5.483555 0.530068 670.899594 
3176 29.714831 3.526490 674.426084 
3179 3.836466 0.299054 674.725138 
3180 -7.493301 -1.089342 673.635796 
3181 -3.740461 -0.622306 673.013490 
3189 -2.582479 -0.485908 672.527582 
3195 2.271200 0.153743 672.681325 
3197 2.331110 0.162926 672.844251 
3205 -2.621167 -0.438532 672.405719 
3208 -4.000792 -0.627645 671.778074 
3216 2.448454 0.195327 671.973401 
3219 19.892161 2.385100 674.358501 
3224 2.019616 0.238886 674.597387 
3225 4.710851 0.540984 675.138372 
3227 -2.330030 -0.418861 674.719510 
3230 2.760557 0.145973 674.865483 
3233 5.522740 0.478867 675.344351 
3234 -5.254343 -0.798238 674.546113 
3241 2.393895 0.155401 674.701513 
3242 2.598983 -0.058282 674.643231 
3246 3.186838 0.226059 674.869290 
3249 -2.603991 -0.559119 674.310172 
3256 7.172053 0.676086 674.986258 
3257 2.125173 -0.157356 674.828902 
3273 3.720463 0.331938 675.160840 
3274 -2.854453 -0.498232 674.662608 
3278 4.447346 0.428149 675.090757 
3283 3.001757 0.248114 675.338871 
3290 -2.077871 -0.382514 674.956357 
3298 3.565165 0.349360 675.305717 
3311 5.813845 0.650683 675.956400 
3316 2.424266 0.183408 676.139807 
3326 18.406998 2.251066 678.390874 
3330 -3.046098 -0.471871 677.919003 
3331 8.804163 0.982494 678.901497 
3332 2.560000 0.187182 679.088679 
3344 12.797867 1.487378 680.576057 
3347 2.413124 0.257615 680.833672 
3354 10.119278 1.181551 682.015223 
3358 2.831284 0.279789 682.295012 
3368 11.225204 1.294463 683.589475 
3394 -5.647222 -0.706581 682.882894 
3405 -7.233755 -0.730437 682.152457 
3419 3.039040 0.364054 682.516512 
3421 4.444500 0.622167 683.138678 
3430 3.720928 0.571513 683.710191 
3442 -4.312381 -0.030955 683.679236 
3446 -4.848534 -0.678385 683.000851 
3452 -6.990088 -0.903138 682.097713 
3456 3.361337 0.386967 682.484680 
3459 -3.508773 -0.377252 682.107428 
3460 -2.346060 -0.345468 681.761959 
3465 -3.792660 -0.532099 681.229860 
3468 2.615284 0.231842 681.461702 
3470 8.573858 1.197447 682.659149 
3472 3.178851 0.357308 683.016457 
3477 2.079656 0.224571 683.241027 
3479 4.532541 0.608671 683.849698 
3481 25.806660 3.251133 687.100831 
3482 9.564760 1.134497 688.235328 
3489 5.503160 0.635561 688.870889 
3491 2.788984 0.403696 689.274586 
3494 2.341443 0.197131 689.471717 
3498 -17.036769 -2.114828 687.356889 
3506 5.144074 0.684689 688.041578 
3512 -7.256763 -0.726234 687.315344 
3553 3.977906 0.788930 688.104273 
3556 11.480942 1.699232 689.803505 
3562 39.999818 5.382354 695.185859 
3569 -2.829242 -0.343591 694.842268 
3573 2.871782 0.977591 695.819859 
3577 -5.333229 -0.697054 695.122805 
3589 5.034233 1.063126 696.185931 
3601 -3.039428 0.302140 696.488071 
3602 -2.522713 0.020023 696.508094 
3608 3.018850 0.740444 697.248538 
3614 -3.576106 0.005876 697.254415 
3633 2.463644 0.982789 698.237204 
3637 2.002280 1.448410 699.685614 
3648 2.312164 0.311485 699.997099 
3649 36.567772 4.538704 704.535803 
3658 11.567724 1.916136 706.451939 
3670 -2.805441 -0.000236 706.451703 
3671 -2.303661 -0.288823 706.162880 
3679 2.317286 0.791072 706.953952 
3680 -7.418141 -0.848292 706.105659 
3684 -3.710132 -0.372517 705.733142 
3692 2.926801 0.274371 706.007513 
3710 -1618.286639 -201.958222 504.049291 
3738 2.762167 0.665836 504.715128 
3742 10.500164 1.580276 506.295403 
3743 12.451909 2.045096 508.340500 
3754 2.175863 0.601798 508.942297 
3755 20.894708 2.835590 511.777888 
3756 -5.409139 -0.531928 511.245959 
3761 -43.678412 -4.156053 507.089906 
3766 2.438265 0.212701 507.302607 
3770 -4.490386 0.012818 507.315425 
3773 2.181832 0.492284 507.807709 
3777 -26.038705 -3.164068 504.643641 
3778 127.874683 15.953577 520.597219 
3790 2.395234 0.272706 520.869925 
3810 3.447071 0.780880 521.650806 
3813 -2.187848 -0.027690 521.623116 
3828 -39.233906 -4.697732 516.925384 
3832 3.889231 0.699246 517.624630 
3840 -2.937821 0.203481 517.828111 
3850 -2.621439 -0.281584 517.546528 
3862 -59.058587 -6.563450 510.983078 
3869 10.059615 1.823757 512.806835 
3876 5.954811 1.201381 514.008216 
3882 2.600362 0.719740 514.727956 
3890 -7.526616 1.343802 516.071758 
3893 4.000163 0.544954 516.616712 
3914 2.155619 1.586452 518.203164 
3919 6.769616 1.183679 519.386843 
3920 -3.045096 -0.056438 519.330405 
3925 2.340503 0.656359 519.986764 
3939 2.696770 0.537777 520.524542 
3942 14.782882 3.525420 524.049962 
3943 2.014815 0.951456 525.001418 
3962 2.232940 1.733411 526.734829 
3974 22.667611 3.350139 530.084968 
3992 4.649280 1.983454 532.068422 
3994 8.160675 2.503133 534.571555 
4023 -13.891053 -0.356190 534.215365 
4026 -6.351526 9.468638 543.684003 
4030 2.011502 2.371780 546.055783 
4032 -3.666999 1.128392 547.184175 
4033 6.666655 1.433080 548.617255 
4046 3.706612 0.758678 549.375933 
4048 -4.102538 0.112497 549.488430 
4051 13.613430 5.150886 554.639317 
4064 2.295562 1.391185 556.030502 
4079 3.661229 2.538616 558.569118 
4098 2.625817 1.957321 560.526438 
4102 -31.995346 -2.979653 557.546785 
4111 4.312950 0.896600 558.443385 
4115 2.154967 5.228757 563.672142 
4129 7.749818 1.272204 564.944346 
4138 5.425690 2.762739 567.707085 
4143 -2.729042 2.259883 569.966968 
4148 2.339310 1.627851 571.594819 
4150 -2.094237 0.995504 572.590324 
4154 44.445268 10.543098 583.133422 
4155 -5.793808 2.413542 585.546964 
4172 6.799881 2.001873 587.548837 
4192 -3.971993 0.930670 588.479506 
4201 -2.813207 1.748755 590.228261 
4205 12.067559 6.571787 596.800048 
4208 3.268628 2.850455 599.650503 
4212 8.695818 2.154264 601.804767 
4220 2.372029 2.367405 604.172173 
4232 2.229512 3.843620 608.015793 
4236 2.188456 2.917033 610.932826 
4238 3.179450 1.388042 612.320867 
4252 -2.162155 1.042299 613.363167 
4263 -6.186667 3.747401 617.110568 
4279 2.203891 2.672009 619.782576 
4283 -11.661689 -0.589376 619.193200 
4285 -2.140361 3.080678 622.273879 
4286 -8.170369 1.687657 623.961535 
4290 -7.780329 12.756953 636.718488 
4291 200.607669 26.742029 663.460517 
4292 33.334667 5.318381 668.778898 
4298 2.893358 1.220295 669.999194 
4300 -6.456471 2.611334 672.610528 
4302 7.334985 2.538229 675.148757 
4303 2.617599 1.609392 676.758149 
4308 4.614854 2.128435 678.886584 
4312 -2.268714 -0.226792 678.659792 
4315 2.634350 2.579365 681.239157 
4317 -3.960357 -0.388130 680.851027 
4320 24.064000 4.597506 685.448532 
4324 8.163090 2.144145 687.592678 
4329 15.384041 3.973324 691.566001 
4330 -3.350484 1.606369 693.172370 
4332 3.780690 1.700741 694.873111 
4336 -2.911643 1.730394 696.603505 
4340 41.394814 6.302994 702.906499 
4343 8.452360 1.457046 704.363544 
4344 2.721143 0.672963 705.036508 
4354 -6.450623 1.988229 707.024737 
4356 -3.204422 0.650539 707.675275 
4357 10.031340 4.147217 711.822493 
4382 3.603253 0.453971 712.276464 
4394 -5.480000 0.019973 712.296437 
4401 12.764592 4.207776 716.504213 
4404 2.070776 2.170862 718.675075 
4410 2.021189 1.141063 719.816138 
4417 4.369495 0.974007 720.790145 
4419 -2.386633 0.664958 721.455103 
4421 4.442934 1.750796 723.205899 
4422 17.912533 2.677335 725.883235 
4423 2.352548 1.478348 727.361582 
4429 2.296935 1.918131 729.279713 
4430 -8.620757 -0.496872 728.782841 
4436 2.888130 0.950422 729.733263 
4439 2.777892 0.396208 730.129471 
4440 -2.583983 0.412772 730.542243 
4442 -3.321634 0.813719 731.355962 
4443 -5.818182 0.832731 732.188692 
4444 -2.867355 1.308349 733.497041 
4450 2.132520 1.089031 734.586072 
4456 -2.666778 -0.426697 734.159375 
4459 -22.105875 -1.848827 732.310548 
4463 -4.025387 -0.069842 732.240707 
4464 -11.053561 -1.342929 730.897778 
4475 -3.503081 -0.406913 730.490865 
4477 -15.190759 -0.482398 730.008467 
4489 -4.347810 -0.353797 729.654670 
4499 2.049871 0.774252 730.428922 
4503 -2.453333 0.283602 730.712524 
4514 33.332909 6.644480 737.357004 
4518 4.545429 0.583418 737.940422 
4521 -3.321006 0.795282 738.735704 
4528 3.377100 1.793059 740.528762 
4530 2.248110 0.723465 741.252228 
4541 -2.979743 0.496568 741.748796 
