25 -6.008773 1.396298 1.396298 
407 -4.795301 0.172706 1.569003 
690 28.320016 4.350238 5.919242 
704 -2.526283 2.562047 8.481289 
928 -2.666222 1.460180 9.941469 
1039 5.432762 2.768847 12.710316 
1067 -2.205043 4.927121 17.637437 
1080 -2.822799 2.424945 20.062382 
1100 -6.993007 -0.331914 19.730467 
1165 3.273174 2.693031 22.423498 
1199 4.289023 2.843324 25.266822 
1273 -29.970030 -1.893570 23.373252 
1462 18.981493 6.940979 30.314231 
1535 2.235518 3.742050 34.056281 
1584 4.601104 3.251723 37.308004 
1586 -2.114431 3.892941 41.200945 
1650 -4.666861 2.528157 43.729103 
1840 -3.999150 3.464451 47.193553 
1884 -6.401536 1.283580 48.477133 
1949 2.222315 6.259860 54.736993 
2060 -6.333597 10.640370 65.377363 
2178 15.015767 4.618043 69.995406 
2333 -3.700907 1.466671 71.462077 
2380 -4.068418 2.298686 73.760763 
2404 -2.423670 1.310721 75.071484 
2477 3.999571 1.529462 76.600945 
2596 4.927550 1.810490 78.411435 
2720 13.542314 3.916660 82.328096 
2732 4.112665 1.846561 84.174657 
2815 2.532920 1.530396 85.705052 
2830 -39.962036 -3.734598 81.970454 
2874 -15.984548 -1.362820 80.607634 
2941 -2.592401 0.600879 81.208513 
2961 -2.857674 0.396335 81.604848 
3018 -3.846006 1.339296 82.944144 
3026 -2.500101 2.210300 85.154443 
3028 -3.273159 0.340947 85.495390 
3042 -2.957699 1.217595 86.712985 
3061 -2.597454 -0.150673 86.562312 
3086 2.332952 0.961844 87.524156 
3290 -2.181764 1.220586 88.744742 
3399 -10.000333 -0.740147 88.004595 
3424 -2.600000 0.862947 88.867542 
3448 3.783570 6.275896 95.143437 
3710 -16.182866 -2.001486 93.141952 
3778 10.789426 1.788918 94.930869 
3828 -2.903825 0.457928 95.388797 
3862 -3.238697 0.967752 96.356550 
3911 21.205301 4.663462 101.020012 
4050 -4.500188 1.191842 102.211854 
4116 -5.022769 2.400419 104.612273 
4258 -5.818975 -0.184107 104.428166 
4283 -3.390026 1.544819 105.972985 
4291 15.384024 3.790683 109.763668 
4340 4.087303 2.759869 112.523537 
4388 -5.001200 -0.166471 112.357066 
