81 4.108729 14.372233 14.372233 
196 2.940415 1.616303 15.988536 
407 -7.192951 -0.189579 15.798957 
690 54.617174 7.651973 23.450930 
763 2.922965 0.966268 24.417198 
1039 2.001544 0.702439 25.119636 
1199 4.860893 1.714173 26.833809 
1273 -11.988012 -1.319928 25.513881 
1462 16.483928 3.223902 28.737783 
1584 3.000720 0.870798 29.608580 
1603 2.285878 1.918443 31.527023 
1650 -2.833451 0.310608 31.837631 
1686 -2.665867 0.537274 32.374905 
1884 -2.800672 -0.163557 32.211347 
2077 3.800000 4.150949 36.362297 
2111 2.449030 2.272928 38.635225 
2333 -9.952438 1.145928 39.781154 
2349 -4.480000 12.448839 52.229993 
2398 4.257589 2.171892 54.401885 
2403 3.490598 2.307304 56.709189 
2404 -5.332073 0.997534 57.706723 
2603 -3.765093 0.694917 58.401640 
2691 27.306937 4.216664 62.618304 
2720 5.106118 1.010083 63.628387 
2732 2.556521 0.701299 64.329686 
2827 -2.634712 0.757744 65.087430 
2830 -45.956341 -4.828364 60.259066 
2846 -6.097744 0.506427 60.765493 
2941 -3.333086 0.435133 61.200626 
2961 -2.667162 0.110497 61.311123 
2992 -5.994006 -0.812944 60.498179 
3061 -9.990210 -0.377430 60.120748 
3110 -2.557818 0.727869 60.848617 
3219 2.648684 2.343989 63.192606 
3649 7.142143 1.400103 64.592709 
3700 -3.608355 3.344397 67.937106 
3766 2.285873 2.930256 70.867362 
3828 -3.226473 0.630628 71.497991 
3862 -3.953115 1.571864 73.069855 
3911 6.401600 1.396314 74.466169 
3974 2.833451 1.418471 75.884640 
3977 -17.004081 -0.182644 75.701996 
4124 -2.162854 29.328503 105.030500 
4126 7.309337 3.412300 108.442800 
4180 -4.156781 2.099404 110.542204 
4202 -4.435968 5.079517 115.621721 
4255 -4.582046 3.234704 118.856425 
4291 17.230107 4.105678 122.962102 
4379 -7.592559 -0.497332 122.464771 
4388 -12.402977 -0.737121 121.727650 
4390 -6.352829 1.551912 123.279562 
4422 4.119883 2.390162 125.669724 
4533 4.687690 3.452684 129.122408 
