25 -11.416668 -0.666851 -0.666851 
39 15.484902 2.292861 1.626010 
135 -18.635249 -0.212801 1.413209 
149 -2.166440 0.942192 2.355401 
196 7.645080 1.913223 4.268624 
216 -5.157279 1.619294 5.887918 
305 3.151353 2.184388 8.072306 
407 -33.567104 -2.761813 5.310493 
424 -2.163309 0.603139 5.913633 
439 -5.130859 0.296643 6.210276 
561 2.442247 2.184864 8.395140 
575 -2.339495 0.770512 9.165652 
577 2.622508 1.323021 10.488674 
690 86.982907 11.650071 22.138745 
752 -9.538095 0.051097 22.189841 
763 8.615053 2.181298 24.371140 
829 4.800523 3.008518 27.379657 
902 15.746654 4.481632 31.861289 
1080 -8.586013 0.502884 32.364174 
1273 -31.968032 -3.755229 28.608945 
1409 -2.731310 1.098545 29.707490 
1462 26.474188 4.264918 33.972408 
1535 2.470835 1.011635 34.984042 
1586 -3.028779 0.521349 35.505392 
1596 -6.142199 -0.059330 35.446062 
1622 -3.001150 0.048872 35.494934 
1643 -3.666819 0.755026 36.249960 
1650 -6.166924 -0.146967 36.102993 
1743 -5.692089 -0.032153 36.070840 
1760 3.833493 1.359193 37.430032 
1831 -5.182525 0.478671 37.908703 
1884 -20.804993 -1.523497 36.385207 
1949 3.722377 2.006003 38.391209 
2077 6.000000 4.419196 42.810405 
2096 16.307065 4.579926 47.390331 
2178 31.366268 6.070225 53.460556 
2309 18.871701 3.655969 57.116525 
2356 -2.422668 1.310736 58.427261 
2398 3.795923 1.908162 60.335423 
2430 -10.402497 -0.337955 59.997468 
2477 5.427990 1.245689 61.243158 
2596 3.079719 0.694210 61.937367 
2641 -2.072543 0.907335 62.844703 
2827 -2.585921 0.941421 63.786124 
2830 -16.983865 -1.815438 61.970686 
2874 -13.986480 -1.364521 60.606164 
3101 -23.310800 -2.005306 58.600859 
4083 -5.997314 1.594074 60.194932 
4100 3.938165 2.629143 62.824076 
4108 3.564574 3.258936 66.083012 
4129 3.124927 4.046988 70.130000 
4292 2.100084 2.880511 73.010511 
4388 -23.805713 1.201500 74.212011 
