135 -3.251788 0.527623 0.527623 
196 7.645080 3.883052 4.410676 
407 -5.994126 -0.227287 4.183389 
511 -11.322263 0.538788 4.722177 
531 2.350593 2.839422 7.561599 
690 12.137150 1.720352 9.281950 
928 -3.466089 0.847858 10.129808 
1039 8.578046 2.542265 12.672074 
1080 -4.234198 1.556280 14.228354 
1100 -40.959041 -2.823270 11.405084 
1137 -4.356692 3.408207 14.813291 
1165 8.546620 3.963318 18.776609 
1199 6.004632 2.292694 21.069303 
1462 6.493669 1.522009 22.591312 
1561 4.922888 4.932721 27.524033 
1584 9.002161 4.070730 31.594764 
1674 -4.399286 8.148977 39.743740 
1696 3.334257 4.799766 44.543506 
1831 -2.091194 2.555277 47.098784 
1840 -2.124549 1.981493 49.080277 
1884 -2.800672 0.662177 49.742454 
2077 2.280000 12.026338 61.768792 
2178 10.677878 2.597907 64.366699 
2264 2.091966 3.595027 67.961726 
2267 2.228082 3.495835 71.457562 
2333 -13.903406 2.100005 73.557567 
2344 3.713901 1.758841 75.316408 
2403 3.090634 2.457245 77.773653 
2404 -3.938463 1.021971 78.795624 
2422 3.311786 1.465852 80.261476 
2477 7.713459 1.915833 82.177309 
2596 19.864184 5.314906 87.492214 
2603 -3.529775 0.758420 88.250634 
2691 23.976822 3.756451 92.007085 
2720 6.882160 1.450133 93.457218 
2732 9.670320 3.050010 96.507228 
2830 -10.989560 -1.216626 95.290601 
2874 -2.664091 -0.369127 94.921475 
2902 -2.222163 1.777993 96.699468 
2912 -2.434666 1.688189 98.387657 
2952 2.160000 0.685962 99.073618 
2961 -4.762789 0.332268 99.405886 
3007 3.500394 2.569342 101.975228 
3065 -2.928263 1.295620 103.270848 
3084 -2.134798 1.782794 105.053642 
3101 -19.980685 -1.943950 103.109691 
3290 -2.077871 1.636587 104.746278 
3407 -3.750633 0.329212 105.075491 
3557 75.924076 10.738399 115.813890 
3778 9.990210 2.149370 117.963259 
4083 -2.694446 1.144386 119.107645 
4379 -9.990210 1.287996 120.395641 
4388 -5.001200 0.519259 120.914900 
