33 2.643157 1.528178 1.528178 
135 -5.753164 -0.461285 1.066893 
149 -2.285475 0.389388 1.456281 
196 14.113994 2.712911 4.169193 
216 -6.630788 0.713116 4.882309 
236 13.133876 2.045090 6.927398 
305 4.181603 1.672056 8.599455 
531 4.595935 1.670038 10.269493 
574 2.262145 1.690189 11.959682 
579 2.343025 0.552835 12.512517 
676 2.041948 1.130763 13.643280 
763 9.076574 1.701426 15.344705 
813 3.696096 1.009164 16.353870 
818 -2.918105 0.464669 16.818538 
902 3.499256 0.607519 17.426057 
928 -11.731378 -0.583745 16.842312 
951 -4.734791 0.547761 17.390072 
969 -21.996334 -1.081360 16.308713 
1100 -64.935065 -7.405365 8.903347 
1114 3.207140 1.466315 10.369662 
1144 -2.562932 0.065535 10.435197 
1273 -29.970030 -3.667223 6.767974 
1325 2.947648 1.434159 8.202133 
1340 -2.280918 0.527219 8.729352 
1409 -3.770362 0.761112 9.490464 
1515 2.517056 2.865730 12.356194 
1521 -3.245105 0.712290 13.068483 
1535 2.353176 0.714802 13.783286 
1561 2.076843 0.504146 14.287432 
1596 -5.427990 -0.281220 14.006211 
1622 -5.557686 -0.153873 13.852339 
1696 5.334811 2.017556 15.869894 
1798 -2.285473 0.519861 16.389756 
1891 -16.983441 -1.721315 14.668440 
1924 3.161316 1.826022 16.494463 
2027 3.416071 4.357579 20.852042 
2060 -8.000333 0.427154 21.279196 
2077 7.320000 3.757312 25.036509 
2111 2.408212 0.981989 26.018498 
2217 -2.098412 0.465446 26.483944 
2309 10.865525 1.674329 28.158273 
2333 -3.500858 -0.144731 28.013542 
2344 5.285167 1.453533 29.467075 
2398 4.514071 1.605751 31.072825 
2422 5.373841 1.733427 32.806252 
2478 2.490427 2.014177 34.820429 
2598 3.998965 0.862047 35.682476 
2732 6.113421 1.521898 37.204374 
2846 -4.598299 0.011405 37.215779 
2941 -6.592104 0.519595 37.735374 
2992 -57.942058 -6.870823 30.864551 
3068 -2.310736 0.506855 31.371406 
3102 -7.030920 1.054903 32.426309 
3110 -2.511313 0.572743 32.999052 
3150 -2.000443 0.564911 33.563963 
3290 -2.025924 1.131746 34.695709 
3344 4.399267 1.057288 35.752997 
3449 -2.086995 1.583583 37.336579 
3557 27.972028 3.667962 41.004541 
3636 2.118228 11.797718 52.802259 
3649 25.711715 5.200535 58.002794 
3764 2.032837 1.249225 59.252020 
3798 6.819112 2.141396 61.393416 
3857 59.940060 7.930087 69.323503 
3971 -4.423953 1.693479 71.016982 
4083 -33.202522 4.226039 75.243021 
4258 -4.546074 0.037365 75.280386 
4292 2.500100 2.363225 77.643611 
4294 9.373008 3.212904 80.856515 
4329 2.955934 7.605346 88.461861 
4456 -3.444588 1.113473 89.575334 
