25 -5.608188 0.041004 0.041004 
67 2.094410 1.492935 1.533939 
341 -2.823812 0.879555 2.413493 
362 -4.072364 2.753939 5.167432 
511 -3.552082 -0.118189 5.049243 
690 32.365733 4.444434 9.493677 
902 5.623805 2.053183 11.546860 
928 -9.331778 1.106205 12.653065 
969 -5.732378 0.506922 13.159987 
1039 3.717153 0.810520 13.970507 
1100 -11.988012 -1.163304 12.807203 
1199 2.859349 0.664049 13.471252 
1273 -51.948052 -5.411380 8.059871 
1584 6.601584 2.631349 10.691220 
1743 -2.461444 0.470148 11.161368 
1884 -12.002881 0.183565 11.344933 
2027 2.014606 9.852107 21.197040 
2077 2.840000 4.606056 25.803096 
2309 4.003088 0.962718 26.765814 
2333 -3.300809 0.881761 27.647575 
2422 5.373841 3.851114 31.498689 
2576 2.050525 16.811838 48.310527 
2691 11.988411 2.127811 50.438338 
2720 4.662108 1.256423 51.694761 
2732 3.556899 1.563734 53.258495 
2830 -13.986713 -1.242925 52.015570 
2874 -22.644777 -1.647168 50.368402 
2992 -41.958042 -4.609857 45.758545 
3068 -2.888420 2.026097 47.784641 
3070 2.509950 12.214945 59.999586 
3079 -2.856844 3.697573 63.697159 
3399 -10.667022 -0.454136 63.243023 
3557 37.962038 5.193578 68.436601 
3596 2.809638 1.888541 70.325142 
3641 3.169510 6.015317 76.340458 
3692 4.268251 5.054932 81.395390 
3798 2.545802 0.816878 82.212268 
3828 -3.226473 0.633746 82.846014 
3857 79.920080 10.741904 93.587918 
3862 -5.715347 1.793170 95.381087 
3911 3.200800 0.643122 96.024209 
3932 3.179185 5.501987 101.526196 
3977 -2.000480 -0.159367 101.366829 
4083 -14.167568 1.691473 103.058302 
4100 2.375401 0.972780 104.031083 
4111 3.269494 4.490494 108.521576 
4126 4.757964 1.952969 110.474546 
4258 -6.728190 0.046310 110.520855 
4294 10.997663 3.565184 114.086040 
4319 -3.508353 2.329553 116.415592 
4388 -8.802113 -0.070967 116.344625 
4443 -17.044848 170.470051 286.814676 
4444 -19.628401 158.883798 445.698474 
4452 -2.530662 0.256384 445.954858 
4456 -36.501521 -3.409952 442.544905 
4459 -50.379410 -0.632686 441.912219 
4461 -2.392903 0.757708 442.669928 
4480 3.574505 1.511643 444.181571 
4489 -6.086934 0.195427 444.376998 
4490 -7.711446 0.414092 444.791090 
4491 4.848534 1.024523 445.815613 
4495 2.113820 4.113627 449.929240 
4496 4.041466 1.222391 451.151631 
4497 11.828050 4.761263 455.912894 
4498 2.020580 1.946060 457.858954 
4527 -3.545534 -0.217183 457.641771 
4543 -2.471398 0.082363 457.724134 
