15 -2.188558 3.000874 3.000874 
22 -5.433989 1.170621 4.171495 
135 -14.007704 0.857021 5.028516 
211 5.485142 11.787545 16.816061 
216 -4.911695 2.976106 19.792167 
305 3.211956 3.925154 23.717321 
407 -4.795301 -0.351697 23.365624 
575 -2.339495 1.559904 24.925528 
641 2.922987 0.956605 25.882133 
690 109.234348 15.536564 41.418697 
704 -2.105235 1.079111 42.497808 
750 2.302908 2.765536 45.263344 
752 -14.460982 1.160001 46.423346 
763 2.769124 0.828523 47.251868 
928 -4.132645 0.553963 47.805832 
988 2.292096 3.881492 51.687324 
1036 -4.132658 1.661585 53.348908 
1080 -3.646115 0.709365 54.058273 
1199 14.296743 3.755304 57.813577 
1283 -2.000233 2.466905 60.280482 
1340 -4.702200 4.797822 65.078304 
1409 -2.615903 2.274289 67.352592 
1462 17.982467 3.671935 71.024527 
1535 3.059129 2.289312 73.313838 
1596 -7.142092 0.982913 74.296751 
1650 -7.833660 0.813786 75.110537 
1667 2.229563 2.808277 77.918814 
1675 -2.454869 1.823232 79.742046 
1696 2.000554 1.664298 81.406344 
1743 -6.153609 0.653450 82.059794 
1828 -2.600637 0.693447 82.753242 
1840 -7.248460 1.524848 84.278090 
1891 -2.497565 -0.225207 84.052883 
2111 2.693933 2.797602 86.850485 
2178 22.690492 5.268200 92.118684 
2362 9.153529 4.120231 96.238916 
2380 -3.447812 0.953936 97.192852 
2395 2.058380 5.246014 102.438865 
2398 9.079437 6.144979 108.583845 
2404 -19.207581 6.271746 114.855591 
2433 2.115553 3.281722 118.137313 
2477 10.284612 3.099244 121.236556 
2478 3.584706 5.331931 126.568488 
2596 10.779015 3.374414 129.942902 
2598 5.175131 1.767154 131.710056 
2666 2.387903 3.154121 134.864177 
2691 19.980685 3.622903 138.487080 
2732 5.446502 2.402645 140.889725 
2756 -27.811863 91.202495 232.092220 
2757 -44.884360 82.857948 314.950169 
2766 2.869057 2.505824 317.455993 
2771 -3.048753 1.559523 319.015517 
2805 -109.895599 -12.842939 306.172578 
2812 -2.888680 0.192430 306.365008 
2826 3.317737 4.486641 310.851649 
2830 -145.861432 -17.145775 293.705874 
2864 3.138261 3.812299 297.518173 
2870 3.127802 3.147635 300.665808 
2873 -6.016353 2.484805 303.150614 
2883 2.277275 3.946450 307.097064 
2901 4.032886 2.649421 309.746485 
2909 3.161057 4.951769 314.698254 
2914 -3.931886 1.130966 315.829220 
2927 -2.703508 0.771026 316.600246 
2938 9.363583 4.982626 321.582871 
2992 -7.992008 -1.075495 320.507377 
3004 -2.536375 0.823000 321.330377 
3007 3.143211 1.304028 322.634404 
3026 -3.952541 1.374252 324.008656 
3055 2.094026 2.423090 326.431746 
3061 -3.996084 -0.384992 326.046754 
3062 19.980464 3.447047 329.493801 
3079 -2.809230 0.890709 330.384509 
3092 2.777894 0.829327 331.213836 
3101 -26.640914 -2.923467 328.290369 
3102 -5.418324 0.306589 328.596958 
3124 3.271344 0.762470 329.359428 
3148 -4.922888 -0.332074 329.027353 
3176 4.163342 1.800386 330.827739 
3181 -2.727420 2.334176 333.161915 
3190 3.555299 2.855706 336.017621 
3208 -2.308149 0.409686 336.427307 
3216 3.416448 7.354139 343.781445 
3226 -2.181840 2.273974 346.055419 
3234 -2.328629 0.509822 346.565241 
3270 -2.196831 2.164257 348.729498 
3271 45.147049 186.911665 535.641163 
3272 -76.971685 101.776045 637.417208 
3274 -3.380274 -0.617777 636.799432 
3275 -7.598124 -1.434900 635.364532 
3276 4.736782 0.352669 635.717201 
3308 -3.970056 -0.554478 635.162722 
3309 -4.137723 -0.611208 634.551514 
3312 -2.368391 -0.402494 634.149020 
3319 17.076266 2.035143 636.184164 
3321 -10.666864 -1.395000 634.789163 
3323 2.950831 0.267926 635.057089 
3326 8.814120 0.999512 636.056601 
3330 -2.284573 -0.390557 635.666044 
3331 2.857120 0.233731 635.899775 
3334 14.400000 1.673783 637.573558 
3342 2.410725 0.173120 637.746677 
3350 2.666776 0.204029 637.950706 
3361 -18.400341 -2.392759 635.557947 
3368 11.284913 1.280224 636.838171 
3387 5.497372 0.521804 637.359975 
3393 2.060804 0.164478 637.524454 
3394 -7.059027 -0.987784 636.536670 
3401 -9.045820 -1.265916 635.270754 
3412 -2.662800 -0.463663 634.807090 
3414 -5.481498 -0.828829 633.978262 
3419 5.832275 0.571785 634.550046 
3424 -6.000000 -0.886877 633.663169 
3446 -3.151547 -0.528910 633.134259 
3449 -13.043719 -1.780194 631.354065 
3453 -2.354439 -0.433830 630.920235 
3456 7.310909 0.713349 631.633584 
3467 -4.845525 -0.877396 630.756188 
3476 2.579686 -0.016323 630.739864 
3505 2.517497 0.161289 630.901153 
3514 -11.652132 -1.739948 629.161205 
3534 2.290080 0.110685 629.271890 
3541 2.326734 -0.228671 629.043219 
3556 13.648886 1.462097 630.505316 
3565 -3.578955 -0.676621 629.828696 
3571 2.079715 0.055837 629.884533 
3596 6.000243 0.590864 630.475397 
3605 3.393931 0.170242 630.645639 
3638 -4.651242 -0.760919 629.884721 
3648 2.427772 0.152090 630.036811 
3671 -2.544498 -0.484593 629.552218 
3702 3.668158 0.411041 629.963259 
3710 -449.074542 -56.221134 573.742125 
3713 10.000000 1.451853 575.193978 
3718 -3.029309 -0.331841 574.862137 
3719 2.200000 0.330582 575.192720 
3741 -8.570535 -1.125340 574.067380 
3755 4.235414 0.462186 574.529566 
3766 2.857342 0.287642 574.817208 
3778 107.894264 13.441062 588.258270 
3791 2.304144 0.360907 588.619177 
3794 2.175000 0.429472 589.048649 
3798 95.467564 12.170247 601.218896 
3807 11.516087 2.831018 604.049914 
3809 -4.680738 -0.638607 603.411307 
3810 2.800745 0.382728 603.794036 
3811 2.870776 0.342854 604.136890 
3817 -2.313616 -0.311676 603.825214 
3826 -7.245359 -0.684341 603.140873 
3828 -48.397088 -6.031828 597.109045 
3831 2.389101 0.366382 597.475427 
3832 7.384615 0.988889 598.464316 
3846 -25.513845 -3.007830 595.456486 
3849 4.848233 0.557732 596.014218 
3857 1318.681319 164.810189 760.824407 
3869 10.778159 1.451741 762.276148 
3879 7.280664 0.921038 763.197186 
3882 3.212211 0.399698 763.596884 
3893 7.500306 0.886868 764.483752 
3911 24.006002 2.913769 767.397520 
3919 10.154424 1.357955 768.755475 
3920 -5.813366 -0.599790 768.155685 
3938 -2.148102 0.122393 768.278078 
3968 -6.051924 -0.339745 767.938333 
3971 -5.770374 -0.782453 767.155880 
3974 8.333681 0.979815 768.135695 
3976 3.266782 0.674317 768.810013 
3980 -26.057632 -2.807012 766.003001 
3982 6.016566 1.128807 767.131808 
3986 2.981864 1.230792 768.362600 
3988 2.854485 0.789523 769.152123 
3994 6.506050 0.945101 770.097224 
3999 7.476726 1.149923 771.247147 
4013 -3.696297 -0.078414 771.168734 
4018 -2.105282 -0.241448 770.927286 
4022 4.255364 1.377517 772.304803 
4025 2.162700 0.840806 773.145609 
4028 112.698637 24.793879 797.939489 
4036 2.707932 1.327317 799.266806 
4037 6.637147 1.821823 801.088629 
4038 2.419347 0.590022 801.678651 
4039 14.633797 2.117295 803.795946 
4040 -6.198234 -0.550827 803.245120 
4044 -3.765716 -0.091317 803.153803 
4046 7.598555 1.074286 804.228089 
4047 5.301884 0.947046 805.175135 
4049 -2.057143 -0.058126 805.117009 
4050 -83.336806 -10.372226 794.744783 
4058 -3.497930 -0.398427 794.346356 
4059 8.433765 1.095483 795.441840 
4076 3.991176 0.778724 796.220564 
4077 -5.819629 -0.297689 795.922875 
4079 2.275626 0.171070 796.093945 
4087 -3.966694 -0.634047 795.459898 
4092 4.565242 0.428691 795.888590 
4098 2.468268 0.219655 796.108244 
4102 -13.634380 -1.818912 794.289332 
4103 -2.214092 -0.379723 793.909609 
4110 -3.523440 -0.574140 793.335469 
4111 3.234712 0.273457 793.608926 
4116 -30.136615 -3.921877 789.687049 
4123 -2.265210 -0.404730 789.282319 
4133 6.550456 0.722476 790.004794 
4139 -2.835574 -0.453843 789.550952 
4151 2.838545 0.251418 789.802370 
4164 -2.586130 -0.435391 789.366979 
4168 -35.001458 -4.501500 784.865479 
4197 -2.113172 -0.360709 784.504770 
4202 -2.727030 -0.455753 784.049017 
4212 9.391483 1.095706 785.144723 
4262 2.295928 0.265548 785.410270 
4274 -15.454838 -1.922359 783.487912 
4286 -6.383101 -0.869593 782.618319 
4291 23.076036 2.768646 785.386965 
4294 37.492033 4.564891 789.951856 
4298 5.685448 0.646025 790.597881 
4299 2.282804 0.167732 790.765612 
4304 -21.631323 -2.784666 787.980946 
4319 -5.262530 -0.778542 787.202404 
4324 2.040773 0.127160 787.329565 
4348 7.185439 0.752925 788.082489 
4361 -2.432444 -0.320697 787.761792 
4375 3.479377 0.753879 788.515671 
4379 -375.232272 -46.390030 742.125642 
4386 -12.286463 -0.825740 741.299901 
4388 -120.028807 -14.903532 726.396369 
4390 -4.235219 -0.617960 725.778409 
4411 -2.464523 0.660257 726.438666 
4412 -2.912653 -0.230802 726.207864 
4417 3.614472 0.579700 726.787564 
4422 5.732011 0.699279 727.486843 
4443 -2.181818 0.221909 727.708752 
4452 -5.102141 -0.277239 727.431512 
4456 -166.673611 -19.017039 708.414473 
4487 6.861320 4.255611 712.670084 
4514 2.631545 0.567787 713.237871 
4520 5.825077 1.723193 714.961064 
4523 2.076115 0.502526 715.463590 
4535 -2.350586 -0.127303 715.336287 
