25 -4.005849 0.295598 0.295598 
39 7.992208 1.528151 1.823750 
75 -4.426459 17.131097 18.954847 
196 4.469431 2.409213 21.364059 
220 -3.139792 1.128524 22.492583 
406 -4.371735 5.880548 28.373132 
407 -27.972587 -0.816192 27.556939 
511 -3.996093 0.167692 27.724631 
579 2.743053 2.043443 29.768074 
627 3.720000 3.598517 33.366591 
641 6.307498 1.993228 35.359820 
690 76.868615 10.781614 46.141433 
704 -4.999934 2.823484 48.964918 
857 -3.822630 2.730042 51.694960 
902 3.624230 1.931157 53.626116 
1067 -3.179365 3.928829 57.554946 
1273 -35.964036 -2.470742 55.084204 
1884 -2.000480 1.227804 56.312008 
3061 -2.997063 1.142313 57.454321 
3649 2.856857 1.444884 58.899205 
3710 -80.914332 -5.582436 53.316769 
4258 -5.637132 5.928014 59.244783 
