39 44.956168 6.638567 6.638567 
61 -8.736423 29.796610 36.435177 
96 -2.395322 1.113671 37.548849 
305 2.545323 1.607364 39.156213 
315 2.375094 1.112422 40.268635 
362 -4.326887 1.762068 42.030703 
406 -2.943063 1.469057 43.499760 
424 -2.693933 0.683787 44.183547 
577 2.133566 1.029893 45.213440 
704 -5.684136 1.407162 46.620602 
1039 4.860893 0.986646 47.607248 
1080 -2.940415 0.324168 47.931416 
1137 -2.356899 0.647208 48.578624 
1165 6.182661 1.855928 50.434552 
1199 12.295199 2.825231 53.259783 
1273 -75.904096 -8.530745 44.729038 
1325 2.351100 2.309244 47.038281 
1340 -2.000189 1.369055 48.407336 
1462 10.989285 1.841007 50.248344 
1584 23.605665 6.544920 56.793264 
1596 -2.713995 0.165470 56.958734 
1650 -2.833451 0.160359 57.119093 
1891 -18.981493 -1.004705 56.114388 
1949 2.833451 2.716380 58.830768 
2060 -2.666778 1.608553 60.439321 
2077 4.280000 7.636380 68.075701 
2096 6.461290 2.836830 70.912531 
2333 -2.700662 0.377828 71.290359 
2422 2.249515 1.039946 72.330305 
2477 2.999679 0.829839 73.160145 
2533 -2.743841 1.353721 74.513865 
2603 -8.942097 3.569638 78.083504 
2640 2.489160 1.834525 79.918029 
2720 9.546221 2.267313 82.185342 
2732 8.781095 3.108642 85.293984 
2830 -24.976273 -2.505546 82.788438 
2874 -46.621599 -3.941497 78.846942 
2875 -2.000200 0.580340 79.427281 
2992 -59.940060 -6.452744 72.974538 
3150 -3.255623 3.536237 76.510775 
3219 2.594630 3.876426 80.387201 
3240 -3.522798 3.441377 83.828578 
3319 3.038345 2.921048 86.749626 
3344 4.265956 1.408081 88.157708 
3401 -2.184535 2.671704 90.829412 
3407 -8.626456 2.230671 93.060083 
3641 2.237301 6.441358 99.501441 
3649 2.856857 0.721825 100.223266 
3700 -2.783588 4.634513 104.857779 
3741 -3.828172 3.243658 108.101437 
3777 -3.882277 2.465757 110.567195 
3828 -3.871767 1.205495 111.772689 
3862 -5.000929 2.639989 114.412678 
3893 3.333469 6.604912 121.017591 
3894 3.437419 3.547992 124.565583 
3974 6.778060 3.757085 128.322668 
3980 -3.534950 3.732145 132.054813 
3994 2.168683 7.852360 139.907173 
4050 -22.223148 5.315837 145.223010 
4100 10.939346 4.892064 150.115074 
4102 -5.135617 1.479124 151.594198 
4110 -3.242586 7.486461 159.080658 
4116 -9.734393 3.367116 162.447774 
4129 6.437349 4.643548 167.091322 
4133 4.262163 8.771263 175.862584 
4151 2.214925 2.935662 178.798246 
4154 3.511176 3.636379 182.434625 
4197 -2.358451 3.632409 186.067034 
4202 -3.399697 1.486534 187.553568 
4217 5.351455 102.150674 289.704242 
4218 44.687142 87.938341 377.642583 
4227 2.593510 3.601287 381.243870 
4228 3.829805 3.596428 384.840297 
4247 5.214459 6.603096 391.443393 
4252 -4.864849 2.836689 394.280082 
4255 -36.453850 -2.375431 391.904651 
4258 -9.092149 -1.184941 390.719710 
4266 2.697183 5.832362 396.552072 
4268 4.169187 2.394698 398.946771 
4270 -2.888098 1.823744 400.770515 
4286 -5.957561 1.041976 401.812491 
4292 3.333467 0.532078 402.344569 
4312 -11.403274 1.487898 403.832466 
4313 -3.152486 1.075763 404.908229 
4317 -34.534312 2.085330 406.993559 
4325 -2.488889 0.562843 407.556403 
4328 3.452303 8.231875 415.788277 
4331 -3.782524 2.039495 417.827772 
4340 7.826751 1.478124 419.305896 
4348 7.472857 3.101669 422.407565 
4354 -3.093558 4.146156 426.553721 
4375 2.577317 4.527253 431.080973 
4388 -80.019205 -8.455239 422.625734 
4411 -22.888699 75.858055 498.483789 
4412 -192.623479 28.965817 527.449606 
4417 3.212864 0.364902 527.814507 
4422 35.825066 4.658649 532.473156 
4430 -7.305726 -0.759384 531.713772 
4432 4.240789 1.030415 532.744187 
4443 -3.684848 -0.082347 532.661840 
4448 2.546292 0.981494 533.643334 
4452 -7.347084 -0.587696 533.055637 
4465 2.110830 0.756194 533.811831 
4472 4.888867 1.408974 535.220806 
4477 -9.887477 0.083403 535.304209 
4486 5.019672 2.374217 537.678426 
4487 4.554411 2.047541 539.725966 
4488 2.354917 1.264109 540.990075 
4491 2.828311 0.458610 541.448685 
4501 -4.393597 0.119952 541.568637 
4515 3.137889 2.893948 544.462585 
4521 -3.335766 1.242715 545.705300 
4523 11.072611 2.719160 548.424460 
4528 2.769222 1.981832 550.406292 
4531 8.457674 5.046821 555.453112 
4538 -2.643955 1.262441 556.715553 
4542 2.388707 4.229340 560.944893 
4548 4.602399 2.068186 563.013079 
