22 -5.639045 7.874426 7.874426 
39 7.492695 1.794941 9.669367 
407 -14.785510 -0.208371 9.460996 
575 -2.264027 1.731773 11.192769 
641 3.076828 1.150515 12.343284 
690 26.297158 3.713842 16.057126 
749 -8.199488 3.840789 19.897915 
750 3.211951 3.338203 23.236117 
788 -2.233425 3.678733 26.914850 
902 2.249522 0.825839 27.740689 
928 -5.732378 1.241500 28.982189 
1039 3.717153 1.074732 30.056921 
1080 -8.938863 3.497532 33.554453 
1100 -31.968032 -2.694406 30.860046 
1114 2.034637 2.703760 33.563806 
1141 2.212907 2.760712 36.324518 
1155 2.111909 1.115351 37.439869 
1165 5.637132 2.336791 39.776661 
1191 2.467597 4.120448 43.897109 
1199 10.007720 3.162327 47.059435 
1277 2.925715 8.333277 55.392712 
1295 -2.444263 1.205775 56.598487 
1325 2.702010 3.311873 59.910360 
1453 3.299802 2.568350 62.478711 
1471 13.076420 9.619539 72.098249 
1515 3.292582 6.188025 78.286274 
1584 5.201248 1.591504 79.877778 
1595 4.557521 9.817494 89.695272 
1596 -63.707460 7.913069 97.608340 
1650 -2.166757 0.102044 97.710384 
1674 -4.043788 4.501795 102.212179 
1686 -2.443711 0.500133 102.712312 
1743 -8.461213 0.261608 102.973920 
1749 -10.544515 5.963860 108.937780 
1831 -2.454880 0.320654 109.258433 
1840 -7.998300 0.916617 110.175051 
