22 -3.332163 -0.007962 -0.007962 
25 -3.204679 -0.395134 -0.403096 
39 9.990259 1.287193 0.884097 
75 -2.609538 1.464941 2.349038 
196 9.174096 1.735963 4.085001 
220 -5.042696 -0.298900 3.786101 
305 3.211956 1.312604 5.098705 
347 2.369143 0.912386 6.011092 
362 -8.544693 1.208330 7.219422 
377 -5.911145 1.111892 8.331313 
406 -18.915610 3.232271 11.563585 
407 -11.588643 -1.339519 10.224066 
527 2.601627 2.733355 12.957421 
556 -2.918103 2.380114 15.337535 
577 5.911755 1.718689 17.056224 
641 8.768961 1.456221 18.512444 
676 2.294561 0.984806 19.497251 
685 2.247490 0.963161 20.460411 
690 20.228583 2.477990 22.938402 
704 -2.421021 -0.088133 22.850269 
712 -4.395440 0.837094 23.687363 
749 -2.049872 -0.076814 23.610549 
763 8.615053 1.384629 24.995178 
813 7.573967 1.838745 26.833922 
829 2.889203 0.765149 27.599072 
857 -8.489794 0.410052 28.009123 
928 -21.996334 -1.274427 26.734697 
969 -4.399267 -0.359566 26.375131 
1093 -4.301651 0.668270 27.043401 
1100 -51.948052 -6.006879 21.036522 
1104 3.872588 1.398327 22.434849 
1114 2.620888 1.043405 23.478254 
1130 -3.263115 0.850394 24.328648 
1144 -4.688291 0.159599 24.488247 
1165 44.006001 8.391962 32.880209 
1191 4.126843 1.606194 34.486403 
1199 22.588854 3.655576 38.141979 
1210 -2.000027 0.042166 38.184145 
1273 -31.968032 -3.945654 34.238491 
1314 -2.252456 0.833100 35.071591 
1325 5.649658 2.473342 37.544934 
1399 3.733232 4.452152 41.997085 
1409 -8.309338 1.007768 43.004853 
1462 37.962986 5.362043 48.366896 
1476 2.453652 1.726501 50.093397 
1562 2.999762 1.396415 51.489812 
1584 13.203169 2.286488 53.776299 
1593 2.300092 0.974362 54.750662 
1596 -14.141342 -0.730379 54.020283 
1643 -4.000167 0.277350 54.297632 
1650 -8.667028 -0.586905 53.710728 
1696 5.847773 2.109601 55.820328 
1825 3.019552 2.274741 58.095069 
1884 -5.201248 -0.580394 57.514675 
1928 -2.142944 0.379844 57.894519 
2060 -14.083920 1.070160 58.964679 
2077 15.240000 9.135116 68.099795 
2104 -2.262236 1.987135 70.086930 
2184 -3.280000 3.416634 73.503564 
2362 3.538339 0.827380 74.330945 
2368 2.758830 2.002891 76.333836 
2422 9.685412 2.925047 79.258882 
2430 -2.000480 -0.249843 79.009039 
2568 -2.554226 2.965172 81.974211 
2691 32.635119 4.682612 86.656823 
2727 -2.584229 1.201877 87.858701 
2732 10.114932 2.427127 90.285827 
2830 -24.976273 -2.825542 87.460286 
2948 -37.823423 82.855369 170.315655 
2949 75.246386 93.100670 263.416325 
2951 2.223967 1.031142 264.447467 
2961 -8.954044 -0.961089 263.486378 
2992 -339.660340 -42.025200 221.461177 
3004 -2.633928 -0.110857 221.350321 
3026 -5.238307 -0.050352 221.299968 
3035 5.190610 1.662231 222.962200 
3055 3.293974 1.216750 224.178950 
3061 -35.964755 -4.047259 220.131691 
3062 36.408845 4.941619 225.073310 
3068 -7.554330 -0.533826 224.539484 
3101 -33.301142 -4.111686 220.427798 
3121 2.318626 0.450370 220.878168 
3148 -11.384178 -1.286564 219.591604 
3155 -2.379752 0.595940 220.187544 
3167 -2.325731 0.116272 220.303815 
3176 8.979757 1.821378 222.125194 
3180 -3.392238 -0.042424 222.082770 
3211 -2.010697 0.426727 222.509496 
3215 -2.353463 -0.162384 222.347112 
3219 5.405478 1.397743 223.744855 
3220 2.380703 0.588982 224.333837 
3244 3.404725 1.084052 225.417889 
3256 2.482634 0.920705 226.338594 
3274 -2.347412 0.531314 226.869908 
3276 5.684139 2.597918 229.467826 
3277 3.487185 2.254039 231.721865 
3300 8.415602 2.498454 234.220319 
3313 -17.246227 -1.800968 232.419351 
3319 4.615207 0.869744 233.289095 
3346 2.814612 0.528386 233.817481 
3361 -2.963018 0.321985 234.139466 
3414 -2.098772 0.418330 234.557795 
3446 -3.878827 0.344892 234.902687 
3449 -6.087069 0.499629 235.402316 
3468 6.268990 2.457412 237.859728 
3481 2.322599 0.594013 238.453742 
3489 3.057311 1.742662 240.196404 
3498 -6.999890 1.251966 241.448370 
3584 3.370845 2.062026 243.510396 
3639 -2.275842 1.705931 245.216327 
3658 3.216260 1.705482 246.921810 
3710 -40.457166 -5.069979 241.851830 
3742 4.875076 2.658371 244.510202 
3743 4.869461 3.491932 248.002134 
3755 2.117707 0.590827 248.592961 
3828 -2.194001 -0.179218 248.413744 
3836 10.613333 3.847060 252.260803 
3862 -9.049300 0.191212 252.452015 
3890 -6.508866 14.676937 267.128952 
3894 5.624868 1.583881 268.712832 
3939 2.134943 1.131996 269.844828 
3947 -3.142243 2.768614 272.613443 
3971 -3.462224 -0.134019 272.479423 
3980 -3.635949 0.275708 272.755131 
4028 2.318297 1.538952 274.294083 
4046 2.054081 1.529157 275.823240 
4058 -2.680127 3.233893 279.057133 
4100 21.128565 4.527064 283.584197 
4102 -5.090169 -0.090749 283.493447 
4111 5.669442 2.663433 286.156880 
4146 -2.019440 1.764190 287.921070 
4168 -6.266928 0.445685 288.366755 
4180 -4.941080 0.136175 288.502930 
4257 2.088903 2.940875 291.443805 
4291 5.845929 0.924928 292.368733 
4292 12.067149 4.410946 296.779679 
4304 -6.947286 0.805735 297.585414 
4313 -2.141311 1.658065 299.243479 
4329 2.747150 2.011015 301.254494 
4340 7.652823 2.183124 303.437618 
4343 5.660062 2.887525 306.325142 
4344 3.061286 3.607050 309.932193 
4373 7.406868 2.954302 312.886495 
4379 -97.504446 -8.853162 304.033332 
4386 -3.931668 3.427571 307.460904 
4388 -67.616228 -6.281010 301.179894 
4390 -5.411669 0.115740 301.295634 
4394 -2.250000 2.534827 303.830461 
4417 2.008040 1.724865 305.555326 
4459 -8.976695 2.432691 307.988017 
4474 47.649579 94.507098 402.495116 
4475 -338.757389 17.107943 419.603059 
4477 -7.865038 -0.709730 418.893329 
4478 -2.574489 -0.188643 418.704686 
4501 -4.576663 -0.277790 418.426897 
4514 5.263091 0.737200 419.164096 
4520 2.330031 0.316530 419.480626 
4523 2.214522 0.285165 419.765791 
4524 -2.093661 -0.076794 419.688997 
4527 -3.636445 -0.423426 419.265570 
4533 17.500711 2.430443 421.696014 
4543 -8.970260 -0.297572 421.398441 
