25 -7.010235 -0.388289 -0.388289 
305 2.424118 1.596588 1.208298 
362 -2.363426 0.791059 1.999357 
511 -15.096350 -0.827059 1.172299 
577 2.578058 1.228512 2.400811 
579 2.971641 1.163978 3.564788 
763 3.692166 0.831591 4.396379 
902 2.374495 0.588096 4.984475 
928 -2.134311 -0.016438 4.968037 
1080 -4.469431 0.446158 5.414195 
1100 -174.825175 -17.051022 -11.636827 
1114 2.241549 1.935566 -9.701261 
1273 -77.922078 -8.624147 -18.325409 
1325 2.000189 2.388564 -15.936844 
1388 -2.592797 3.921419 -12.015425 
1409 -2.038865 1.377743 -10.637682 
1453 2.699838 2.028736 -8.608946 
1462 18.481980 3.448165 -5.160780 
1561 2.692204 1.330431 -3.830349 
1596 -10.998822 1.377989 -2.452360 
1602 4.093654 5.693834 3.241474 
1603 2.571612 1.920016 5.161490 
1622 -3.112304 0.509462 5.670952 
1696 5.539996 4.189808 9.860760 
1825 2.058785 3.837042 13.697803 
1840 -12.497344 1.822827 15.520630 
1873 -2.555371 1.856694 17.377324 
1891 -29.970778 -1.811956 15.565368 
1915 -2.922969 7.893486 23.458854 
1928 -2.476291 1.643891 25.102745 
1938 2.194111 4.807790 29.910535 
1949 3.000125 2.357650 32.268186 
1958 2.209549 4.381554 36.649739 
2060 -6.916955 1.674529 38.324268 
2077 2.520000 2.433161 40.757429 
2096 13.999462 4.176286 44.933715 
2217 -2.426289 1.988627 46.922342 
2309 7.720241 1.679965 48.602307 
2362 3.461419 1.477655 50.079962 
2403 2.690669 2.289785 52.369747 
2422 2.187028 1.090500 53.460247 
2430 -6.601584 -0.057042 53.403205 
2598 2.234716 0.650174 54.053379 
2653 -46.371563 86.846920 140.900300 
2654 27.332151 88.121642 229.021942 
2732 12.004535 2.042892 231.064833 
2830 -55.946850 -6.769033 224.295800 
2874 -13.320457 -1.652313 222.643488 
2875 -5.529965 -0.170216 222.473271 
2961 -6.667905 -0.500076 221.973195 
2976 2.585885 1.047645 223.020840 
2992 -51.948052 -6.445138 216.575702 
3007 3.714704 1.040212 217.615914 
3026 -3.571573 0.435166 218.051080 
3028 -9.092108 -0.603033 217.448047 
3034 -3.034075 0.064221 217.512267 
3042 -2.416148 -0.045568 217.466699 
3061 -8.791384 -0.943081 216.523619 
3068 -2.577360 -0.076980 216.446639 
3074 3.032283 1.427236 217.873875 
3102 -2.838170 -0.189165 217.684710 
3110 -3.720463 -0.052436 217.632274 
3190 2.888680 1.329216 218.961490 
3290 -2.285658 0.202524 219.164014 
3357 -2.846884 1.852881 221.016895 
3431 -2.007004 4.217097 225.233992 
3449 -5.217488 1.073928 226.307920 
3489 2.165595 1.578839 227.886758 
3498 -4.148083 1.238988 229.125746 
3562 2.272717 0.572042 229.697787 
3641 5.254268 2.916324 232.614111 
3741 -2.913982 0.327685 232.941796 
3764 3.344345 1.133146 234.074942 
3778 3.996084 0.463434 234.538376 
3828 -6.452945 0.048561 234.586937 
3857 347.652348 45.205148 279.792084 
3862 -2.381395 0.105524 279.897608 
3875 -3.542857 2.458096 282.355704 
3911 2.000500 0.218053 282.573757 
3971 -2.923656 0.228039 282.801795 
3999 2.205634 3.303176 286.104972 
4058 -3.036398 6.185861 292.290833 
4083 -8.691760 -0.306681 291.984151 
4116 -3.911537 0.269517 292.253668 
4180 -10.823317 1.403700 293.657368 
4258 -18.184298 -1.305882 292.351486 
4283 -15.661920 3.899161 296.250647 
4292 5.866901 2.661889 298.912537 
4294 28.243998 5.959319 304.871855 
4304 -8.263060 2.675915 307.547770 
4340 5.391761 1.732661 309.280431 
4373 2.172681 1.062390 310.342820 
4388 -54.813155 -3.697233 306.645588 
4422 5.194635 2.499945 309.145533 
4456 -4.889093 0.233101 309.378634 
4459 -3.419693 1.947551 311.326185 
4464 -4.072364 0.606027 311.932212 
4475 -3.550420 2.686970 314.619182 
4518 7.090869 4.478379 319.097560 
4520 2.097028 3.885207 322.982767 
