1 -3.317265 1.330716 1.330716 
25 -2.403509 -0.256622 1.074094 
69 -4.944087 2.876963 3.951056 
135 -15.258392 -0.463234 3.487822 
377 -3.970617 1.298839 4.786661 
407 -15.584727 -1.578067 3.208593 
448 2.048301 2.194051 5.402644 
452 -2.000457 0.581375 5.984019 
510 2.212364 2.122275 8.106294 
511 -32.856762 -2.621619 5.484675 
531 2.526010 0.955708 6.440383 
577 2.533609 0.858832 7.299215 
690 28.320016 3.583210 10.882425 
752 -7.076651 -0.444189 10.438235 
763 7.384331 1.385751 11.823986 
813 5.574440 1.623213 13.447199 
902 3.624230 0.665840 14.113039 
928 -6.265622 -0.323973 13.789066 
969 -13.997667 -0.664655 13.124411 
1016 -2.971290 1.541825 14.666236 
1039 3.145284 0.413823 15.080058 
1059 -3.624921 0.939660 16.019718 
1080 -3.528499 -0.192699 15.827019 
1093 -2.377228 0.329405 16.156424 
1100 -117.882118 -13.460401 2.696023 
1114 2.620888 1.122743 3.818766 
1144 -2.687954 0.059952 3.878718 
1221 -3.248267 3.410081 7.288799 
1273 -45.954046 -5.530218 1.758580 
1295 -6.369899 0.393135 2.151715 
1340 -4.456563 1.364868 3.516583 
1409 -2.115804 0.546652 4.063235 
1462 16.483928 2.486572 6.549807 
1512 -8.320000 0.672443 7.222249 
1521 -2.339495 0.605042 7.827291 
1535 4.471035 1.687523 9.514814 
1584 4.801152 0.875779 10.390593 
1596 -4.856623 -0.157967 10.232627 
1603 2.914494 1.108457 11.341084 
1674 -3.021732 0.762509 12.103593 
1949 3.500146 1.445164 13.548757 
2060 -5.833576 0.238226 13.786984 
2178 3.670521 0.510227 14.297211 
2309 7.148372 1.255936 15.553147 
2333 -2.200539 0.055667 15.608814 
2403 9.562784 6.677439 22.286253 
2422 2.062055 0.771550 23.057804 
2430 -5.401296 -0.274126 22.783678 
2598 2.587566 0.612034 23.395712 
2732 8.336483 2.443806 25.839519 
2805 -30.970578 -3.366522 22.472996 
2830 -88.915530 -9.569105 12.903891 
2874 -26.640914 -2.591770 10.312121 
2992 -73.926074 -8.660772 1.651349 
3007 2.214535 1.251001 2.902350 
3061 -11.189035 -0.560710 2.341640 
3084 -3.483091 2.061211 4.402851 
3102 -5.611835 0.659570 5.062421 
3148 -2.769124 -0.169269 4.893152 
3250 2.734042 1.863259 6.756411 
3319 2.269143 1.182690 7.939102 
3344 11.064823 2.596221 10.535322 
3482 2.586833 2.051716 12.587038 
3498 -2.425888 1.682101 14.269139 
3557 59.940060 7.883992 22.153132 
3562 6.409062 3.174527 25.327658 
3641 2.033910 2.079365 27.407024 
3692 4.146301 3.123932 30.530955 
3755 2.023587 1.423310 31.954265 
3862 -6.620277 1.474689 33.428954 
3909 -3.982283 3.385438 36.814392 
3911 9.402351 1.842041 38.656433 
3971 -12.117785 4.008395 42.664828 
3977 -13.003121 -0.596980 42.067848 
3980 -2.322967 1.602012 43.669860 
4083 -14.689074 1.099495 44.769356 
4108 10.606782 6.460135 51.229490 
4126 13.791201 5.650335 56.879825 
4132 7.937518 3.273739 60.153564 
4283 -15.051715 6.508525 66.662090 
4292 4.366841 2.550176 69.212265 
4294 6.248672 1.441575 70.653841 
4304 -2.131554 0.754268 71.408108 
4325 -2.382222 3.252655 74.660763 
4373 2.147992 1.626086 76.286849 
4388 -31.207490 -0.792886 75.493962 
4494 -5.272598 84.145337 159.639300 
4495 6.775063 93.907407 253.546706 
4514 3.192942 1.668554 255.215261 
4518 2.818166 0.680320 255.895581 
