39 10.989285 1.956873 1.956873 
196 4.587048 1.699481 3.656353 
407 -20.779636 -1.063075 2.593279 
439 -3.043730 0.549339 3.142617 
531 3.368013 2.883275 6.025892 
690 48.548599 6.692060 12.717952 
928 -3.999333 0.448429 13.166381 
1031 -66.754324 -7.448927 5.717454 
1273 -85.914086 -8.840854 -3.123400 
1283 -2.000233 2.869797 -0.253603 
1453 2.399856 2.310344 2.056741 
1462 18.481980 3.807276 5.864017 
1650 -2.833451 0.476048 6.340064 
1665 21.164277 153.682282 160.022346 
1674 -2.666234 1.165190 161.187536 
1686 -6.664667 0.448410 161.635946 
1696 6.617217 3.601382 165.237328 
1749 -2.217984 0.855701 166.093029 
1826 -2.030198 1.242644 167.335674 
1840 -2.124549 0.038172 167.373845 
1891 -29.970778 -2.352912 165.020934 
1928 -2.095323 0.971626 165.992559 
1938 4.194053 7.284434 173.276994 
2060 -16.250677 3.200751 176.477745 
2077 3.760000 2.838201 179.315946 
2100 2.683906 14.750200 194.066147 
2155 -2.396806 5.053135 199.119282 
2178 6.006307 0.958366 200.077648 
2196 2.497330 3.972205 204.049853 
2202 -9.365005 7.467280 211.517133 
2210 3.113770 1.945333 213.462466 
2217 -2.000049 0.508870 213.971336 
2267 2.101487 1.312896 215.284232 
2309 42.032425 6.964194 222.248426 
2333 -10.602598 -0.033514 222.214912 
2368 2.448462 1.940410 224.155322 
2380 -2.758250 0.054354 224.209676 
2430 -21.005041 -1.583829 222.625847 
2500 -2.463759 1.558554 224.184401 
2502 8.080000 3.230848 227.415249 
2598 7.056997 1.608994 229.024243 
2659 3.600186 3.047202 232.071445 
2691 59.942056 8.758442 240.829887 
2732 3.890359 0.778342 241.608229 
2805 -9.990509 -1.242460 240.365770 
2812 -2.147993 0.382031 240.747801 
2840 2.812614 2.132045 242.879846 
2914 -2.393322 1.408608 244.288454 
2936 2.000035 2.511600 246.800054 
2992 -51.948052 -6.294153 240.505901 
3074 2.467762 2.207433 242.713334 
3086 6.265643 1.935558 244.648893 
3092 6.944734 2.443224 247.092117 
3101 -4.662160 -0.609042 246.483074 
3219 3.513561 2.337773 248.820848 
3344 3.066156 0.616204 249.437052 
3468 2.307604 2.386976 251.824028 
3481 3.000024 1.957841 253.781869 
3562 2.954532 1.392201 255.174070 
3761 -2.540244 2.704105 257.878175 
3828 -2.129472 0.175063 258.053238 
3857 267.732268 35.773483 293.826722 
3862 -2.381395 0.471370 294.298092 
3977 -8.001920 -0.478547 293.819545 
4100 2.375401 0.981308 294.800853 
4126 3.447800 1.552138 296.352991 
4258 -4.546074 -0.273505 296.079486 
4283 -10.610781 4.161269 300.240755 
4291 16.307065 3.757388 303.998143 
4292 3.333467 1.994588 305.992731 
4294 15.621680 3.882437 309.875169 
4329 3.065820 4.340836 314.216005 
4340 5.391761 2.474532 316.690537 
4379 -19.580811 -0.950672 315.739865 
4388 -34.408258 -1.698535 314.041330 
4417 2.080330 3.840500 317.881830 
4475 -3.621428 3.515617 321.397447 
4533 4.687690 4.249843 325.647290 
