22 -5.960888 4.087547 
46 2.045578 3.692962 
62 2.282600 3.464153 
76 3.495254 5.180563 
165 8.245017 297.250435 
176 -3.975576 1.013618 
187 -10.101767 5.123209 
210 8.537752 210.462937 
217 -9.913010 -1.390005 
227 5.714351 0.587245 
235 3.030314 0.052414 
237 7.100709 0.759352 
240 -2.801500 -0.612275 
243 3.024663 0.042952 
246 -3.295148 -0.794724 
249 -22.641552 -3.311726 
257 -10.538684 -1.849254 
264 32.727094 3.375401 
295 2.290080 -0.203731 
311 1269.720902 110.360263 
323 4.139681 -7.771134 
328 -55.904496 -40.032125 
332 4.562742 -9.605073 
333 8.545445 -11.308082 
340 2.697673 -6.372574 
341 -2.171426 -3.174081 
345 6.546644 -19.411764 
350 12.903201 -7.196614 
351 -254.543141 -44.101563 
356 -1800.990545 -240.351206 
359 -7.753918 -5.795451 
361 48.980491 -5.836785 
365 7.067133 -13.164398 
