25 -14.020470 -1.115567 -1.115567 
33 2.268114 1.525014 0.409447 
135 -7.379058 -0.429604 -0.020157 
139 -2.947012 0.386596 0.366439 
147 -2.107892 2.685689 3.052128 
196 13.996377 2.851084 5.903213 
237 -2.000295 0.465549 6.368761 
271 2.940597 3.316601 9.685363 
305 2.969544 1.460266 11.145629 
315 3.000119 1.074598 12.220227 
342 -2.085677 1.283208 13.503435 
347 2.676824 1.228434 14.731869 
362 -2.727030 0.494272 15.226141 
407 -14.385902 -1.518868 13.707273 
511 -52.171210 -4.248693 9.458580 
627 2.280000 0.679674 10.138255 
691 2.349856 1.014842 11.153096 
752 -23.537556 -1.597072 9.556024 
757 2.202210 1.069357 10.625381 
763 4.153686 0.652692 11.278072 
771 4.076766 1.182063 12.460135 
902 3.624230 0.602404 13.062539 
928 -10.798200 -0.666117 12.396422 
969 -7.465422 -0.499120 11.897303 
1080 -6.116064 -0.365445 11.531858 
1093 -2.037624 0.137530 11.669387 
1100 -24.975025 -3.008011 8.661376 
1114 2.482947 0.875245 9.536620 
1191 2.127239 0.707059 10.243680 
1199 10.007720 1.500700 11.744379 
1210 -2.918958 0.076026 11.820405 
1270 -2.112920 0.976137 12.796543 
1290 -3.087225 0.220562 13.017105 
1325 5.930386 2.546535 15.563640 
1388 -3.827463 1.316322 16.879962 
1399 2.522154 2.932160 19.812122 
1409 -3.846916 0.433010 20.245132 
1462 12.987337 1.772832 22.017964 
1512 -11.280000 -0.107157 21.910808 
1518 3.760690 2.167672 24.078479 
1561 2.769124 0.664054 24.742533 
1596 -10.284612 -0.440537 24.301996 
1643 -4.111282 0.460387 24.762383 
1650 -11.833826 -0.582746 24.179638 
1696 2.513517 0.906688 25.086326 
1760 2.833451 0.688059 25.774385 
1825 2.647010 1.770076 27.544460 
1873 -4.147849 0.766279 28.310740 
1890 -4.583518 1.336306 29.647046 
1923 2.720000 2.440017 32.087062 
1928 -5.238307 0.562544 32.649607 
2006 -2.107712 1.306893 33.956500 
2025 -2.560000 3.133431 37.089931 
2060 -25.251052 0.064290 37.154221 
2075 -2.290738 1.674477 38.828698 
2077 4.040000 1.448408 40.277106 
2157 -3.912561 2.978577 43.255682 
2178 3.670521 0.441594 43.697276 
2202 -2.492044 1.123036 44.820313 
2207 -2.350374 1.090455 45.910768 
2368 2.914014 1.864969 47.775737 
2403 6.908475 2.756826 50.532562 
2422 5.498814 1.439513 51.972075 
2533 -2.139266 0.154109 52.126185 
2556 3.356519 3.205556 55.331741 
2566 -2.112532 1.561505 56.893246 
2614 -2.942197 1.590794 58.484040 
2634 -3.343064 1.001222 59.485262 
2641 -5.163176 1.098554 60.583816 
2691 25.974891 3.738998 64.322814 
2720 2.220052 0.294888 64.617702 
2830 -78.925021 -8.759121 55.858581 
2846 -7.697152 0.118821 55.977402 
2876 -2.686391 0.803961 56.781363 
2912 -2.434666 1.290024 58.071387 
2952 2.080000 0.544845 58.616232 
2992 -9.990010 -1.298800 57.317431 
3003 2.270301 2.077810 59.395242 
3061 -2.397650 -0.209235 59.186007 
3092 3.500146 1.478810 60.664816 
3102 -5.418324 0.778923 61.443739 
3557 31.968032 4.291180 65.734919 
3649 7.713514 1.557331 67.292250 
3710 -18.205725 -2.187124 65.105126 
3752 -2.127791 1.751645 66.856772 
3778 3.196867 0.455689 67.312461 
3798 8.637541 3.254538 70.566999 
3862 -5.905859 2.063455 72.630453 
3926 -11.833010 91.508399 164.138852 
3927 24.546878 84.866431 249.005283 
3932 4.029953 1.525465 250.530748 
3974 13.333889 2.521409 253.052157 
3980 -4.645934 0.260799 253.312956 
4008 2.631545 3.038989 256.351946 
4046 3.783833 2.685276 259.037222 
4102 -2.272397 -0.194140 258.843082 
4108 14.693001 3.169941 262.013023 
4110 -2.553218 0.821618 262.834641 
4116 -14.401568 -0.573917 262.260724 
4132 5.210890 0.908334 263.169059 
4180 -14.744809 -0.057549 263.111510 
4263 -2.080000 2.857840 265.969350 
4268 2.114805 3.710980 269.680330 
4283 -11.458287 0.141778 269.822108 
4292 26.667733 7.116610 276.938718 
4298 2.394254 3.365094 280.303811 
4317 -3.247493 0.262966 280.566778 
4319 -3.929356 -0.078482 280.488295 
4320 7.616000 3.091740 283.580036 
4324 3.061159 2.400766 285.980802 
4329 3.032854 1.546988 287.527790 
4340 5.478725 1.190993 288.718783 
4379 -57.543607 -5.834079 282.884704 
4388 -100.024006 -10.150966 272.733737 
4422 10.448978 2.897623 275.631361 
4439 3.472364 1.525376 277.156737 
4520 3.404434 3.075447 280.232184 
