2 -2.100090 7.516617 
5 4.946287 3.012831 
7 -6.715999 7.656699 
14 2.078973 1.627667 
18 -6.291450 7.885828 
20 -7.186037 3.034014 
22 -73.251992 5.470500 
24 5.190523 2.069407 
27 4.490601 4.683204 
28 -5.913271 5.436636 
34 4.606197 5.539753 
46 16.350009 3.822647 
60 3.464776 8.371490 
62 18.039889 3.572751 
71 2.394895 3.680585 
76 29.394472 5.337725 
77 -10.106863 10.390003 
82 -2.222436 5.978098 
99 2.179154 6.464121 
108 -11.999024 9.030339 
111 -3.270362 6.658129 
121 2.874183 3.466587 
141 -6.749867 9.470953 
144 -3.925211 2.233053 
162 -2.027364 15.637986 
165 116.298694 316.214776 
171 2.774887 2.461476 
176 -18.724456 2.187327 
184 4.745569 5.575587 
187 -44.209956 8.630151 
198 4.124296 4.750216 
202 2.434023 2.874893 
204 5.432851 8.322533 
210 30.824185 280.385140 
217 -9.871741 6.817504 
227 5.703388 0.878925 
235 2.891722 2.748678 
237 7.091834 2.221533 
240 -2.684164 4.304341 
243 2.753709 1.360040 
246 -3.031798 3.947295 
249 -19.626971 2.439532 
257 -8.902446 2.462654 
264 30.505484 7.842316 
311 1107.943613 330.007533 
328 -14.887147 12.750458 
350 3.639923 2.474983 
351 -70.086722 4.685768 
356 -558.664471 6.803584 
359 -2.401359 2.987451 
361 15.169866 4.959716 
