39 109.393341 46.892156 46.892156 
213 -4.596028 10.494210 57.386366 
1039 2.001544 1.079870 58.466236 
1199 2.287479 1.267658 59.733894 
1273 -3.996004 -0.374631 59.359263 
1584 4.601104 2.407013 61.766276 
2398 3.231664 4.129294 65.895570 
2596 4.003634 1.886887 67.782457 
2720 3.330077 1.303807 69.086264 
2732 4.446124 3.176774 72.263038 
2805 -7.992407 -0.595709 71.667329 
2827 -2.049220 2.465070 74.132399 
2830 -3.996204 -0.346595 73.785805 
2874 -7.992274 -0.256203 73.529602 
2992 -29.970030 -2.883138 70.646464 
3234 -2.895860 6.485789 77.132253 
3399 -10.667022 1.614671 78.746924 
3820 2.500094 3.292989 82.039912 
3911 3.000750 2.076596 84.116508 
4083 -9.778230 17.231642 101.348150 
4116 -11.121211 29.640095 130.988245 
4126 18.480210 23.459646 154.447891 
4258 -3.273174 0.111928 154.559819 
4283 -2.745921 3.294377 157.854196 
4291 3.846006 1.473249 159.327445 
4373 2.468956 3.208433 162.535879 
4375 3.221646 40.047041 202.582920 
4388 -42.410178 -0.651270 201.931649 
4390 -10.274328 4.303356 206.235006 
4430 -4.684797 8.458583 214.693589 
4459 -2.289973 1.925349 216.618937 
4518 2.704530 2.237038 218.855976 
4532 7.203143 102.843954 321.699929 
4533 260.427247 116.067425 437.767355 
